-0.1 0.16
-0.102 0.155
-0.104 0.15
-0.106 0.145
-0.108 0.14
-0.11 0.135
-0.112 0.13
-0.114 0.125
-0.112 0.125
-0.11 0.125
-0.108 0.125
-0.106 0.125
-0.104 0.125
-0.102 0.125
-0.1 0.125
-0.098 0.125
-0.096 0.125
-0.094 0.125
-0.092 0.125
-0.09 0.125
-0.088 0.125
-0.086 0.125
-0.088 0.13
-0.09 0.135
-0.092 0.14
-0.094 0.145
-0.096 0.15
-0.098 0.155
-0.1 0.16
End
-0.1 0.1
-0.102 0.095
-0.104 0.09
-0.106 0.085
-0.108 0.08
-0.11 0.075
-0.112 0.07
-0.114 0.065
-0.116 0.06
-0.118 0.055
-0.12 0.05
-0.122 0.045
-0.124 0.04
-0.126 0.035
-0.128 0.03
-0.13 0.025
End
-0.1 0.1
-0.098 0.095
-0.096 0.09
-0.094 0.085
-0.092 0.08
-0.09 0.075
-0.088 0.07
-0.086 0.065
-0.084 0.06
-0.082 0.055
-0.08 0.05
-0.078 0.045
-0.076 0.04
-0.074 0.035
-0.072 0.03
-0.0700001 0.025
End
-0.1 0.06
-0.102 0.055
-0.104 0.05
-0.106 0.045
-0.108 0.04
-0.11 0.035
-0.112 0.03
-0.114 0.025
-0.116 0.02
-0.118 0.015
-0.12 0.01
-0.122 0.005
-0.124 1.75089e-09
-0.126 -0.005
-0.128 -0.01
-0.13 -0.015
-0.132 -0.02
End
-0.1 0.06
-0.098 0.055
-0.096 0.05
-0.094 0.045
-0.092 0.04
-0.09 0.035
-0.088 0.03
-0.086 0.025
-0.084 0.02
-0.082 0.015
-0.08 0.01
-0.078 0.005
-0.076 1.75089e-09
-0.074 -0.005
-0.072 -0.01
-0.0700001 -0.015
-0.0680001 -0.02
End
-0.1 0.02
-0.102 0.015
-0.104 0.01
-0.106 0.005
-0.108 -1.11759e-10
-0.11 -0.005
-0.112 -0.01
-0.114 -0.015
-0.116 -0.02
-0.118 -0.025
-0.12 -0.03
-0.122 -0.035
-0.124 -0.04
-0.126 -0.045
-0.128 -0.05
-0.13 -0.055
-0.132 -0.06
End
-0.1 0.02
-0.098 0.015
-0.096 0.01
-0.094 0.005
-0.092 -1.11759e-10
-0.09 -0.005
-0.088 -0.01
-0.086 -0.015
-0.084 -0.02
-0.082 -0.025
-0.08 -0.03
-0.078 -0.035
-0.076 -0.04
-0.074 -0.045
-0.072 -0.05
-0.0700001 -0.055
-0.0680001 -0.06
End
0.1 0.16
0.1 0.1595
0.1 0.159
0.1 0.1585
0.1 0.158
0.1 0.1575
0.1 0.157
0.1 0.1565
0.1 0.156
0.1 0.1555
0.1 0.155
0.1 0.1545
0.1 0.154
0.1 0.1535
0.1 0.153
0.1 0.1525
0.1 0.152
0.1 0.1515
0.1 0.151
0.1 0.1505
0.1 0.15
0.1 0.1495
0.1 0.149
0.1 0.1485
0.1 0.148
0.1 0.1475
0.1 0.147
0.1 0.1465
0.1 0.146
0.1 0.1455
0.1 0.145
0.1 0.1445
0.1 0.144
0.1 0.1435
0.1 0.143
0.1 0.1425
0.1 0.142
0.1 0.1415
0.1 0.141
0.1 0.1405
0.1 0.14
0.1 0.1395
0.1 0.139
0.1 0.1385
0.1 0.138
0.1 0.1375
0.1 0.137
0.1 0.1365
0.1 0.136
0.1 0.1355
0.1 0.135
0.1 0.1345
0.1 0.134
0.1 0.1335
0.1 0.133
0.1 0.1325
0.1 0.132
0.1 0.1315
0.1 0.131
0.1 0.1305
0.1 0.13
0.1 0.1295
0.1 0.129
0.1 0.1285
0.1 0.128
0.1 0.1275
0.1 0.127
0.1 0.1265
0.1 0.126
0.1 0.1255
0.1 0.125
0.1 0.1245
0.1 0.124
0.1 0.1235
0.1 0.123
0.1 0.1225
0.1 0.122
0.1 0.1215
0.1 0.121
0.1 0.1205
0.1 0.12
0.1 0.1195
0.1 0.119
0.1 0.1185
0.1 0.118
0.1 0.1175
0.1 0.117
0.1 0.1165
0.1 0.116
0.1 0.1155
0.1 0.115
0.1 0.1145
0.1 0.114
0.1 0.1135
0.1 0.113
0.1 0.1125
0.1 0.112
0.1 0.1115
0.1 0.111
0.1 0.1105
0.1 0.11
0.1 0.1095
0.1 0.109
0.1 0.1085
0.1 0.108
0.1 0.1075
0.1 0.107
0.1 0.1065
0.1 0.106
0.1 0.1055
0.1 0.105
0.1 0.1045
0.1 0.104
0.1 0.1035
0.1 0.103
0.1 0.1025
0.1 0.102
0.1 0.1015
0.1 0.101
0.1 0.1005
0.1 0.1
0.1 0.0995004
0.1 0.0990004
0.1 0.0985004
0.1 0.0980004
0.1 0.0975004
0.1 0.0970004
0.1 0.0965004
0.1 0.0960004
0.1 0.0955004
0.1 0.0950004
0.1 0.0945004
0.1 0.0940004
0.1 0.0935004
0.1 0.0930004
0.1 0.0925004
0.1 0.0920004
0.1 0.0915004
0.1 0.0910004
0.1 0.0905004
0.1 0.0900004
0.1 0.0895004
0.1 0.0890004
0.1 0.0885004
0.1 0.0880004
0.1 0.0875004
0.1 0.0870004
0.1 0.0865004
0.1 0.0860004
0.1 0.0855004
0.1 0.0850004
0.1 0.0845004
0.1 0.0840004
0.1 0.0835004
0.1 0.0830004
0.1 0.0825004
0.1 0.0820004
0.1 0.0815004
0.1 0.0810004
0.1 0.0805004
0.1 0.0800004
End
-0.02 0.08
-0.02 0.0805
-0.02 0.081
-0.02 0.0815
-0.02 0.082
-0.02 0.0825
-0.02 0.083
-0.02 0.0835
-0.02 0.084
-0.02 0.0845
-0.02 0.085
-0.02 0.0855
-0.02 0.086
-0.02 0.0865
-0.02 0.087
-0.02 0.0875
-0.02 0.088
-0.02 0.0885
-0.02 0.089
-0.02 0.0895
-0.02 0.09
-0.02 0.0905
-0.02 0.091
-0.02 0.0915
-0.02 0.092
-0.02 0.0925
-0.02 0.093
-0.02 0.0935
-0.02 0.094
-0.02 0.0945
-0.02 0.095
-0.02 0.0955
-0.02 0.096
-0.02 0.0965
-0.02 0.097
-0.02 0.0975
-0.02 0.098
-0.02 0.0985
-0.02 0.099
-0.02 0.0995
-0.02 0.1
-0.02 0.1005
-0.02 0.101
-0.02 0.1015
-0.02 0.102
-0.02 0.1025
-0.02 0.103
-0.02 0.1035
-0.02 0.104
-0.02 0.1045
-0.02 0.105
-0.02 0.1055
-0.02 0.106
-0.02 0.1065
-0.02 0.107
-0.02 0.1075
-0.02 0.108
-0.02 0.1085
-0.02 0.109
-0.02 0.1095
-0.02 0.11
-0.02 0.1105
-0.02 0.111
-0.02 0.1115
-0.02 0.112
-0.02 0.1125
-0.02 0.113
-0.02 0.1135
-0.02 0.114
-0.02 0.1145
-0.02 0.115
-0.02 0.1155
-0.02 0.116
-0.02 0.1165
-0.02 0.117
-0.02 0.1175
-0.02 0.118
-0.02 0.1185
-0.02 0.119
-0.02 0.1195
-0.02 0.12
-0.02 0.1205
-0.02 0.121
-0.02 0.1215
-0.02 0.122
-0.02 0.1225
-0.02 0.123
-0.02 0.1235
-0.02 0.124
-0.02 0.1245
-0.02 0.125
-0.02 0.1255
-0.02 0.126
-0.02 0.1265
-0.02 0.127
-0.02 0.1275
-0.02 0.128
-0.02 0.1285
-0.02 0.129
-0.02 0.1295
-0.02 0.13
-0.02 0.1305
-0.02 0.131
-0.02 0.1315
-0.02 0.132
-0.02 0.1325
-0.02 0.133
-0.02 0.1335
-0.02 0.134
-0.02 0.1345
-0.02 0.135
-0.02 0.1355
-0.02 0.136
-0.02 0.1365
-0.02 0.137
-0.02 0.1375
-0.02 0.138
-0.02 0.1385
-0.02 0.139
-0.02 0.1395
-0.02 0.14
-0.02 0.1405
-0.02 0.141
-0.02 0.1415
-0.02 0.142
-0.02 0.1425
-0.02 0.143
-0.02 0.1435
-0.02 0.144
-0.02 0.1445
-0.02 0.145
-0.02 0.1455
-0.02 0.146
-0.02 0.1465
-0.02 0.147
-0.02 0.1475
-0.02 0.148
-0.02 0.1485
-0.02 0.149
-0.02 0.1495
-0.02 0.15
-0.02 0.1505
-0.02 0.151
-0.02 0.1515
-0.02 0.152
-0.02 0.1525
-0.02 0.153
-0.02 0.1535
-0.02 0.154
-0.02 0.1545
-0.02 0.155
-0.02 0.1555
-0.02 0.156
-0.02 0.1565
-0.02 0.157
-0.02 0.1575
-0.02 0.158
-0.02 0.1585
-0.02 0.159
-0.02 0.1595
-0.02 0.16
End
0.1 0.08
0.0995 0.08
0.099 0.08
0.0985 0.08
0.098 0.08
0.0975 0.08
0.097 0.08
0.0965 0.08
0.096 0.08
0.0955 0.08
0.095 0.08
0.0945 0.08
0.094 0.08
0.0935 0.08
0.093 0.08
0.0925 0.08
0.092 0.08
0.0915 0.08
0.091 0.08
0.0905 0.08
0.09 0.08
0.0895 0.08
0.089 0.08
0.0885 0.08
0.088 0.08
0.0875 0.08
0.087 0.08
0.0865 0.08
0.086 0.08
0.0855 0.08
0.085 0.08
0.0845 0.08
0.084 0.08
0.0835 0.08
0.083 0.08
0.0825 0.08
0.082 0.08
0.0815 0.08
0.081 0.08
0.0805 0.08
0.08 0.08
0.0795 0.08
0.079 0.08
0.0785 0.08
0.078 0.08
0.0775 0.08
0.077 0.08
0.0765 0.08
0.076 0.08
0.0755 0.08
0.075 0.08
0.0744999 0.08
0.0739999 0.08
0.0734999 0.08
0.0729999 0.08
0.0724999 0.08
0.0719999 0.08
0.0714999 0.08
0.0709999 0.08
0.0704999 0.08
0.0699999 0.08
0.0694999 0.08
0.0689999 0.08
0.0684999 0.08
0.0679999 0.08
0.0674999 0.08
0.0669999 0.08
0.0664999 0.08
0.0659999 0.08
0.0654999 0.08
0.0649999 0.08
0.0644999 0.08
0.0639999 0.08
0.0634999 0.08
0.0629999 0.08
0.0624999 0.08
0.0619999 0.08
0.0614999 0.08
0.0609999 0.08
0.0604999 0.08
0.0599999 0.08
0.0594999 0.08
0.0589999 0.08
0.0584999 0.08
0.0579999 0.08
0.0574999 0.08
0.0569999 0.08
0.0564999 0.08
0.0559999 0.08
0.0554999 0.08
0.0549999 0.08
0.0544999 0.08
0.0539999 0.08
0.0534999 0.08
0.0529999 0.08
0.0524999 0.08
0.0519999 0.08
0.0514999 0.08
0.0509999 0.08
0.0504999 0.08
0.0499999 0.08
0.0494999 0.08
0.0489999 0.08
0.0484999 0.08
0.0479999 0.08
0.0474999 0.08
0.0469999 0.08
0.0464999 0.08
0.0459999 0.08
0.0454999 0.08
0.0449999 0.08
0.0444999 0.08
0.0439999 0.08
0.0434999 0.08
0.0429999 0.08
0.0424999 0.08
0.0419999 0.08
0.0414999 0.08
0.0409999 0.08
0.0404999 0.08
0.0399999 0.08
0.0394999 0.08
0.0389999 0.08
0.0384999 0.08
0.0379999 0.08
0.0374999 0.08
0.0369999 0.08
0.0364999 0.08
0.0359999 0.08
0.0354999 0.08
0.0349999 0.08
0.0344999 0.08
0.0339999 0.08
0.0334999 0.08
0.0329999 0.08
0.0324999 0.08
0.0319999 0.08
0.0314999 0.08
0.0309999 0.08
0.0304999 0.08
0.0299999 0.08
0.0294999 0.08
0.0289999 0.08
0.0284999 0.08
0.0279999 0.08
0.0274999 0.08
0.0269999 0.08
0.0264999 0.08
0.0259999 0.08
0.0254999 0.08
0.0249999 0.08
0.0244999 0.08
0.0239999 0.08
0.0234999 0.08
0.0229999 0.08
0.0224999 0.08
0.0219999 0.08
0.0214999 0.08
0.0209999 0.08
0.0204999 0.08
0.0199999 0.08
0.0194999 0.08
0.0189999 0.08
0.0184999 0.08
0.0179999 0.08
0.0174999 0.08
0.0169999 0.08
0.0164999 0.08
0.0159999 0.08
0.0154999 0.08
0.0149999 0.08
0.0144999 0.08
0.0139999 0.08
0.0134999 0.08
0.0129999 0.08
0.0124999 0.08
0.0119999 0.08
0.0114999 0.08
0.0109999 0.08
0.0104999 0.08
0.00999989 0.08
0.00949989 0.08
0.00899989 0.08
0.00849989 0.08
0.00799989 0.08
0.00749989 0.08
0.00699989 0.08
0.00649989 0.08
0.00599989 0.08
0.00549989 0.08
0.00499989 0.08
0.00449989 0.08
0.00399989 0.08
0.00349989 0.08
0.00299989 0.08
0.00249989 0.08
0.00199989 0.08
0.00149989 0.08
0.000999887 0.08
0.000499887 0.08
-1.13248e-07 0.08
-0.000500113 0.08
-0.00100011 0.08
-0.00150011 0.08
-0.00200011 0.08
-0.00250011 0.08
-0.00300011 0.08
-0.00350011 0.08
-0.00400011 0.08
-0.00450011 0.08
-0.00500011 0.08
-0.00550011 0.08
-0.00600011 0.08
-0.00650011 0.08
-0.00700011 0.08
-0.00750011 0.08
-0.00800011 0.08
-0.00850011 0.08
-0.00900011 0.08
-0.00950011 0.08
-0.0100001 0.08
-0.0105001 0.08
-0.0110001 0.08
-0.0115001 0.08
-0.0120001 0.08
-0.0125001 0.08
-0.0130001 0.08
-0.0135001 0.08
-0.0140001 0.08
-0.0145001 0.08
-0.0150001 0.08
-0.0155001 0.08
-0.0160001 0.08
-0.0165001 0.08
-0.0170001 0.08
-0.0175001 0.08
-0.0180001 0.08
-0.0185001 0.08
-0.0190001 0.08
-0.0195001 0.08
End
-0.02 0.16
-0.0195 0.16
-0.019 0.16
-0.0185 0.16
-0.018 0.16
-0.0175 0.16
-0.017 0.16
-0.0165 0.16
-0.016 0.16
-0.0155 0.16
-0.015 0.16
-0.0145 0.16
-0.014 0.16
-0.0135 0.16
-0.013 0.16
-0.0125 0.16
-0.012 0.16
-0.0115 0.16
-0.011 0.16
-0.0105 0.16
-0.01 0.16
-0.00950001 0.16
-0.00900001 0.16
-0.00850001 0.16
-0.00800001 0.16
-0.0075 0.16
-0.007 0.16
-0.0065 0.16
-0.006 0.16
-0.0055 0.16
-0.005 0.16
-0.0045 0.16
-0.004 0.16
-0.0035 0.16
-0.003 0.16
-0.0025 0.16
-0.002 0.16
-0.0015 0.16
-0.001 0.16
-0.000500004 0.16
-4.09828e-09 0.16
0.000499996 0.16
0.000999996 0.16
0.0015 0.16
0.002 0.16
0.0025 0.16
0.003 0.16
0.0035 0.16
0.004 0.16
0.0045 0.16
0.005 0.16
0.0055 0.16
0.006 0.16
0.0065 0.16
0.007 0.16
0.0075 0.16
0.008 0.16
0.0085 0.16
0.009 0.16
0.0095 0.16
0.01 0.16
0.0105 0.16
0.011 0.16
0.0115 0.16
0.012 0.16
0.0125 0.16
0.013 0.16
0.0135 0.16
0.014 0.16
0.0145 0.16
0.015 0.16
0.0155 0.16
0.016 0.16
0.0165 0.16
0.017 0.16
0.0175 0.16
0.018 0.16
0.0185 0.16
0.019 0.16
0.0195 0.16
0.02 0.16
0.0205 0.16
0.021 0.16
0.0215 0.16
0.022 0.16
0.0225 0.16
0.023 0.16
0.0235 0.16
0.024 0.16
0.0245 0.16
0.025 0.16
0.0255 0.16
0.026 0.16
0.0265 0.16
0.027 0.16
0.0275 0.16
0.028 0.16
0.0285 0.16
0.029 0.16
0.0295 0.16
0.03 0.16
0.0305 0.16
0.031 0.16
0.0315 0.16
0.032 0.16
0.0325 0.16
0.033 0.16
0.0335 0.16
0.034 0.16
0.0345 0.16
0.035 0.16
0.0355 0.16
0.036 0.16
0.0365 0.16
0.037 0.16
0.0375 0.16
0.038 0.16
0.0385 0.16
0.039 0.16
0.0395 0.16
0.04 0.16
0.0405 0.16
0.041 0.16
0.0415 0.16
0.042 0.16
0.0425 0.16
0.043 0.16
0.0435 0.16
0.044 0.16
0.0445 0.16
0.045 0.16
0.0455 0.16
0.046 0.16
0.0465 0.16
0.047 0.16
0.0475 0.16
0.048 0.16
0.0485 0.16
0.049 0.16
0.0495 0.16
0.05 0.16
0.0505 0.16
0.051 0.16
0.0515 0.16
0.052 0.16
0.0525 0.16
0.053 0.16
0.0535 0.16
0.054 0.16
0.0545 0.16
0.055 0.16
0.0555 0.16
0.056 0.16
0.0565 0.16
0.057 0.16
0.0575 0.16
0.058 0.16
0.0585 0.16
0.059 0.16
0.0595 0.16
0.06 0.16
0.0605 0.16
0.061 0.16
0.0615 0.16
0.062 0.16
0.0625 0.16
0.063 0.16
0.0635 0.16
0.064 0.16
0.0645 0.16
0.065 0.16
0.0655 0.16
0.066 0.16
0.0665 0.16
0.067 0.16
0.0675 0.16
0.068 0.16
0.0685 0.16
0.069 0.16
0.0695 0.16
0.07 0.16
0.0705 0.16
0.071 0.16
0.0715 0.16
0.072 0.16
0.0725001 0.16
0.0730001 0.16
0.0735001 0.16
0.0740001 0.16
0.0745001 0.16
0.0750001 0.16
0.0755001 0.16
0.0760001 0.16
0.0765001 0.16
0.0770001 0.16
0.0775001 0.16
0.0780001 0.16
0.0785001 0.16
0.0790001 0.16
0.0795001 0.16
0.0800001 0.16
0.0805001 0.16
0.0810001 0.16
0.0815001 0.16
0.0820001 0.16
0.0825001 0.16
0.0830001 0.16
0.0835001 0.16
0.0840001 0.16
0.0845001 0.16
0.0850001 0.16
0.0855001 0.16
0.0860001 0.16
0.0865001 0.16
0.0870001 0.16
0.0875001 0.16
0.0880001 0.16
0.0885001 0.16
0.0890001 0.16
0.0895001 0.16
0.0900001 0.16
0.0905001 0.16
0.0910001 0.16
0.0915001 0.16
0.0920001 0.16
0.0925001 0.16
0.0930001 0.16
0.0935001 0.16
0.0940001 0.16
0.0945001 0.16
0.0950001 0.16
0.0955001 0.16
0.0960001 0.16
0.0965001 0.16
0.0970001 0.16
0.0975001 0.16
0.0980001 0.16
0.0985001 0.16
0.0990001 0.16
0.0995001 0.16
End
0.09 0
0.0897502 0.00499167
0.0890033 0.00993347
0.0877668 0.014776
0.086053 0.0194709
0.0838791 0.0239713
0.0812668 0.0282321
0.0782421 0.0322109
0.0748353 0.0358678
0.0710805 0.0391663
0.0670151 0.0420735
0.0626798 0.0445604
0.0581179 0.046602
0.0533749 0.0481779
0.0484984 0.0492725
0.0435369 0.0498747
0.03854 0.0499787
0.0335578 0.0495832
0.0286399 0.0486924
0.0238355 0.047315
0.0191927 0.0454649
0.0147577 0.0431605
0.0105749 0.0404248
0.0066862 0.0372853
0.00313031 0.0337732
-5.71817e-05 0.0299236
-0.00284444 0.0257751
-0.00520361 0.021369
-0.00711112 0.0167494
-0.00854791 0.0119625
-0.00949963 0.007056
-0.00995676 0.00207903
-0.00991474 -0.00291871
-0.00937399 -0.00788728
-0.00833991 -0.0127771
-0.00682284 -0.0175392
-0.00483792 -0.022126
-0.002405 -0.0264918
0.000451614 -0.0305929
0.00370338 -0.0343883
0.00731782 -0.0378401
0.0112588 -0.0409139
0.015487 -0.0435788
0.01996 -0.0458083
0.0246334 -0.0475801
0.0294602 -0.0488765
0.0343924 -0.0496846
0.0393806 -0.0499962
0.0443749 -0.0498082
0.0493256 -0.0491226
0.0541831 -0.0479462
0.0588989 -0.0462907
0.0634258 -0.0441727
0.0677187 -0.0416134
0.0717346 -0.0386382
0.0754335 -0.035277
0.0787783 -0.0315633
0.0817356 -0.0275343
0.084276 -0.0232301
0.0863739 -0.0186938
0.0880085 -0.0139708
0.0891634 -0.00910813
0.0898271 -0.00415447
0.0899929 0.000840695
End
