0.18 0.16
0.18 0.1595
0.18 0.159
0.18 0.1585
0.18 0.158
0.18 0.1575
0.18 0.157
0.18 0.1565
0.18 0.156
0.18 0.1555
0.18 0.155
0.18 0.1545
0.18 0.154
0.18 0.1535
0.18 0.153
0.18 0.1525
0.18 0.152
0.18 0.1515
0.18 0.151
0.18 0.1505
0.18 0.15
0.18 0.1495
0.18 0.149
0.18 0.1485
0.18 0.148
0.18 0.1475
0.18 0.147
0.18 0.1465
0.18 0.146
0.18 0.1455
0.18 0.145
0.18 0.1445
0.18 0.144
0.18 0.1435
0.18 0.143
0.18 0.1425
0.18 0.142
0.18 0.1415
0.18 0.141
0.18 0.1405
0.18 0.14
0.18 0.1395
0.18 0.139
0.18 0.1385
0.18 0.138
0.18 0.1375
0.18 0.137
0.18 0.1365
0.18 0.136
0.18 0.1355
0.18 0.135
0.18 0.1345
0.18 0.134
0.18 0.1335
0.18 0.133
0.18 0.1325
0.18 0.132
0.18 0.1315
0.18 0.131
0.18 0.1305
0.18 0.13
0.18 0.1295
0.18 0.129
0.18 0.1285
0.18 0.128
0.18 0.1275
0.18 0.127
0.18 0.1265
0.18 0.126
0.18 0.1255
0.18 0.125
0.18 0.1245
0.18 0.124
0.18 0.1235
0.18 0.123
0.18 0.1225
0.18 0.122
0.18 0.1215
0.18 0.121
0.18 0.1205
0.18 0.12
0.18 0.1195
0.18 0.119
0.18 0.1185
0.18 0.118
0.18 0.1175
0.18 0.117
0.18 0.1165
0.18 0.116
0.18 0.1155
0.18 0.115
0.18 0.1145
0.18 0.114
0.18 0.1135
0.18 0.113
0.18 0.1125
0.18 0.112
0.18 0.1115
0.18 0.111
0.18 0.1105
0.18 0.11
0.18 0.1095
0.18 0.109
0.18 0.1085
0.18 0.108
0.18 0.1075
0.18 0.107
0.18 0.1065
0.18 0.106
0.18 0.1055
0.18 0.105
0.18 0.1045
0.18 0.104
0.18 0.1035
0.18 0.103
0.18 0.1025
0.18 0.102
0.18 0.1015
0.18 0.101
0.18 0.1005
0.18 0.1
0.18 0.0995004
0.18 0.0990004
0.18 0.0985004
0.18 0.0980004
0.18 0.0975004
0.18 0.0970004
0.18 0.0965004
0.18 0.0960004
0.18 0.0955004
0.18 0.0950004
0.18 0.0945004
0.18 0.0940004
0.18 0.0935004
0.18 0.0930004
0.18 0.0925004
0.18 0.0920004
0.18 0.0915004
0.18 0.0910004
0.18 0.0905004
0.18 0.0900004
0.18 0.0895004
0.18 0.0890004
0.18 0.0885004
0.18 0.0880004
0.18 0.0875004
0.18 0.0870004
0.18 0.0865004
0.18 0.0860004
0.18 0.0855004
0.18 0.0850004
0.18 0.0845004
0.18 0.0840004
0.18 0.0835004
0.18 0.0830004
0.18 0.0825004
0.18 0.0820004
0.18 0.0815004
0.18 0.0810004
0.18 0.0805004
0.18 0.0800004
0.18 0.0795004
0.18 0.0790004
0.18 0.0785004
0.18 0.0780004
0.18 0.0775004
0.18 0.0770003
0.18 0.0765003
0.18 0.0760003
0.18 0.0755003
0.18 0.0750003
0.18 0.0745003
0.18 0.0740003
0.18 0.0735003
0.18 0.0730003
0.18 0.0725003
0.18 0.0720003
0.18 0.0715003
0.18 0.0710003
0.18 0.0705003
0.18 0.0700003
0.18 0.0695003
0.18 0.0690003
0.18 0.0685003
0.18 0.0680003
0.18 0.0675003
0.18 0.0670003
0.18 0.0665003
0.18 0.0660003
0.18 0.0655003
0.18 0.0650003
0.18 0.0645003
0.18 0.0640003
0.18 0.0635003
0.18 0.0630003
0.18 0.0625003
0.18 0.0620003
0.18 0.0615003
0.18 0.0610003
0.18 0.0605003
0.18 0.0600003
0.18 0.0595003
0.18 0.0590003
0.18 0.0585003
0.18 0.0580003
0.18 0.0575003
0.18 0.0570003
0.18 0.0565003
0.18 0.0560003
0.18 0.0555003
0.18 0.0550003
0.18 0.0545003
0.18 0.0540003
0.18 0.0535003
0.18 0.0530003
0.18 0.0525003
0.18 0.0520003
0.18 0.0515003
0.18 0.0510003
0.18 0.0505003
0.18 0.0500003
0.18 0.0495003
0.18 0.0490003
0.18 0.0485003
0.18 0.0480003
0.18 0.0475003
0.18 0.0470003
0.18 0.0465003
0.18 0.0460003
0.18 0.0455003
0.18 0.0450003
0.18 0.0445003
0.18 0.0440003
0.18 0.0435003
0.18 0.0430003
0.18 0.0425003
0.18 0.0420003
0.18 0.0415003
0.18 0.0410003
0.18 0.0405003
0.18 0.0400003
0.18 0.0395003
0.18 0.0390003
0.18 0.0385003
0.18 0.0380003
0.18 0.0375003
0.18 0.0370003
0.18 0.0365003
0.18 0.0360003
0.18 0.0355003
0.18 0.0350003
0.18 0.0345003
0.18 0.0340003
0.18 0.0335003
0.18 0.0330003
0.18 0.0325003
0.18 0.0320003
0.18 0.0315003
0.18 0.0310003
0.18 0.0305003
0.18 0.0300003
0.18 0.0295003
0.18 0.0290003
0.18 0.0285003
0.18 0.0280003
0.18 0.0275003
0.18 0.0270003
0.18 0.0265003
0.18 0.0260003
0.18 0.0255003
0.18 0.0250003
0.18 0.0245003
0.18 0.0240003
0.18 0.0235003
0.18 0.0230003
0.18 0.0225003
0.18 0.0220003
0.18 0.0215003
0.18 0.0210003
0.18 0.0205003
0.18 0.0200003
0.18 0.0195003
0.18 0.0190003
0.18 0.0185003
0.18 0.0180003
0.18 0.0175003
0.18 0.0170003
0.18 0.0165003
0.18 0.0160003
0.18 0.0155003
0.18 0.0150003
0.18 0.0145003
0.18 0.0140003
0.18 0.0135003
0.18 0.0130003
0.18 0.0125003
0.18 0.0120003
0.18 0.0115003
0.18 0.0110003
0.18 0.0105003
0.18 0.0100003
0.18 0.00950028
0.18 0.00900028
0.18 0.00850028
0.18 0.00800028
0.18 0.00750028
0.18 0.00700028
0.18 0.00650028
0.18 0.00600028
0.18 0.00550028
0.18 0.00500028
0.18 0.00450028
0.18 0.00400028
0.18 0.00350028
0.18 0.00300028
0.18 0.00250028
0.18 0.00200028
0.18 0.00150028
0.18 0.00100028
0.18 0.000500282
0.18 2.81632e-07
0.18 -0.000499718
0.18 -0.000999718
0.18 -0.00149972
0.18 -0.00199972
0.18 -0.00249972
0.18 -0.00299972
0.18 -0.00349972
0.18 -0.00399972
0.18 -0.00449972
0.18 -0.00499972
0.18 -0.00549972
0.18 -0.00599972
0.18 -0.00649972
0.18 -0.00699972
0.18 -0.00749972
0.18 -0.00799972
0.18 -0.00849972
0.18 -0.00899972
0.18 -0.00949972
0.18 -0.00999972
0.18 -0.0104997
0.18 -0.0109997
0.18 -0.0114997
0.18 -0.0119997
0.18 -0.0124997
0.18 -0.0129997
0.18 -0.0134997
0.18 -0.0139997
0.18 -0.0144997
0.18 -0.0149997
0.18 -0.0154997
0.18 -0.0159997
0.18 -0.0164997
0.18 -0.0169997
0.18 -0.0174997
0.18 -0.0179997
0.18 -0.0184997
0.18 -0.0189997
0.18 -0.0194997
0.18 -0.0199997
End
0.18 -0.02
0.1795 -0.02
0.179 -0.02
0.1785 -0.02
0.178 -0.02
0.1775 -0.02
0.177 -0.02
0.1765 -0.02
0.176 -0.02
0.1755 -0.02
0.175 -0.02
0.1745 -0.02
0.174 -0.02
0.1735 -0.02
0.173 -0.02
0.1725 -0.02
0.172 -0.02
0.1715 -0.02
0.171 -0.02
0.1705 -0.02
0.17 -0.02
0.1695 -0.02
0.169 -0.02
0.1685 -0.02
0.168 -0.02
0.1675 -0.02
0.167 -0.02
0.1665 -0.02
0.166 -0.02
0.1655 -0.02
0.165 -0.02
0.1645 -0.02
0.164 -0.02
0.1635 -0.02
0.163 -0.02
0.1625 -0.02
0.162 -0.02
0.1615 -0.02
0.161 -0.02
0.1605 -0.02
0.16 -0.02
0.1595 -0.02
0.159 -0.02
0.1585 -0.02
0.158 -0.02
0.1575 -0.02
0.157 -0.02
0.1565 -0.02
0.156 -0.02
0.1555 -0.02
0.155 -0.02
0.1545 -0.02
0.154 -0.02
0.1535 -0.02
0.153 -0.02
0.1525 -0.02
0.152 -0.02
0.1515 -0.02
0.151 -0.02
0.1505 -0.02
0.15 -0.02
0.1495 -0.02
0.149 -0.02
0.1485 -0.02
0.148 -0.02
0.1475 -0.02
0.147 -0.02
0.1465 -0.02
0.146 -0.02
0.1455 -0.02
0.145 -0.02
0.1445 -0.02
0.144 -0.02
0.1435 -0.02
0.143 -0.02
0.1425 -0.02
0.142 -0.02
0.141501 -0.02
0.141001 -0.02
0.140501 -0.02
0.140001 -0.02
0.139501 -0.02
0.139001 -0.02
0.138501 -0.02
0.138001 -0.02
0.137501 -0.02
0.137001 -0.02
0.136501 -0.02
0.136001 -0.02
0.135501 -0.02
0.135001 -0.02
0.134501 -0.02
0.134001 -0.02
0.133501 -0.02
0.133001 -0.02
0.132501 -0.02
0.132001 -0.02
0.131501 -0.02
0.131001 -0.02
0.130501 -0.02
0.130001 -0.02
0.129501 -0.02
0.129001 -0.02
0.128501 -0.02
0.128001 -0.02
0.127501 -0.02
0.127001 -0.02
0.126501 -0.02
0.126001 -0.02
0.125501 -0.02
0.125001 -0.02
0.124501 -0.02
0.124001 -0.02
0.123501 -0.02
0.123001 -0.02
0.122501 -0.02
0.122001 -0.02
0.121501 -0.02
0.121001 -0.02
0.120501 -0.02
0.120001 -0.02
0.119501 -0.02
0.119001 -0.02
0.118501 -0.02
0.118001 -0.02
0.117501 -0.02
0.117001 -0.02
0.116501 -0.02
0.116001 -0.02
0.115501 -0.02
0.115001 -0.02
0.114501 -0.02
0.114001 -0.02
0.113501 -0.02
0.113001 -0.02
0.112501 -0.02
0.112001 -0.02
0.111501 -0.02
0.111001 -0.02
0.110501 -0.02
0.110001 -0.02
0.109501 -0.02
0.109001 -0.02
0.108501 -0.02
0.108001 -0.02
0.107501 -0.02
0.107001 -0.02
0.106501 -0.02
0.106001 -0.02
0.105501 -0.02
0.105001 -0.02
0.104501 -0.02
0.104001 -0.02
0.103501 -0.02
0.103001 -0.02
0.102501 -0.02
0.102001 -0.02
0.101501 -0.02
0.101001 -0.02
0.100501 -0.02
0.100001 -0.02
0.0995007 -0.02
0.0990007 -0.02
0.0985007 -0.02
0.0980007 -0.02
0.0975007 -0.02
0.0970007 -0.02
0.0965007 -0.02
0.0960007 -0.02
0.0955007 -0.02
0.0950007 -0.02
0.0945007 -0.02
0.0940007 -0.02
0.0935007 -0.02
0.0930007 -0.02
0.0925006 -0.02
0.0920006 -0.02
0.0915006 -0.02
0.0910006 -0.02
0.0905006 -0.02
0.0900006 -0.02
0.0895006 -0.02
0.0890006 -0.02
0.0885006 -0.02
0.0880006 -0.02
0.0875006 -0.02
0.0870006 -0.02
0.0865006 -0.02
0.0860006 -0.02
0.0855006 -0.02
0.0850006 -0.02
0.0845006 -0.02
0.0840006 -0.02
0.0835006 -0.02
0.0830006 -0.02
0.0825006 -0.02
0.0820006 -0.02
0.0815006 -0.02
0.0810006 -0.02
0.0805006 -0.02
0.0800006 -0.02
0.0795006 -0.02
0.0790006 -0.02
0.0785006 -0.02
0.0780006 -0.02
0.0775006 -0.02
0.0770006 -0.02
0.0765006 -0.02
0.0760006 -0.02
0.0755006 -0.02
0.0750006 -0.02
0.0745006 -0.02
0.0740006 -0.02
0.0735006 -0.02
0.0730006 -0.02
0.0725006 -0.02
0.0720006 -0.02
0.0715006 -0.02
0.0710006 -0.02
0.0705006 -0.02
0.0700006 -0.02
0.0695006 -0.02
0.0690006 -0.02
0.0685006 -0.02
0.0680006 -0.02
0.0675006 -0.02
0.0670006 -0.02
0.0665006 -0.02
0.0660006 -0.02
0.0655006 -0.02
0.0650006 -0.02
0.0645006 -0.02
0.0640006 -0.02
0.0635006 -0.02
0.0630006 -0.02
0.0625006 -0.02
0.0620006 -0.02
0.0615006 -0.02
0.0610006 -0.02
0.0605006 -0.02
0.0600006 -0.02
0.0595006 -0.02
0.0590006 -0.02
0.0585006 -0.02
0.0580006 -0.02
0.0575006 -0.02
0.0570006 -0.02
0.0565006 -0.02
0.0560006 -0.02
0.0555006 -0.02
0.0550006 -0.02
0.0545006 -0.02
0.0540006 -0.02
0.0535006 -0.02
0.0530006 -0.02
0.0525006 -0.02
0.0520006 -0.02
0.0515006 -0.02
0.0510006 -0.02
0.0505006 -0.02
0.0500006 -0.02
0.0495006 -0.02
0.0490006 -0.02
0.0485006 -0.02
0.0480006 -0.02
0.0475006 -0.02
0.0470006 -0.02
0.0465006 -0.02
0.0460006 -0.02
0.0455006 -0.02
0.0450006 -0.02
0.0445006 -0.02
0.0440006 -0.02
0.0435006 -0.02
0.0430005 -0.02
0.0425005 -0.02
0.0420005 -0.02
0.0415005 -0.02
0.0410005 -0.02
0.0405005 -0.02
0.0400005 -0.02
0.0395005 -0.02
0.0390005 -0.02
0.0385005 -0.02
0.0380005 -0.02
0.0375005 -0.02
0.0370005 -0.02
0.0365005 -0.02
0.0360005 -0.02
0.0355005 -0.02
0.0350005 -0.02
0.0345005 -0.02
0.0340005 -0.02
0.0335005 -0.02
0.0330005 -0.02
0.0325005 -0.02
0.0320005 -0.02
0.0315005 -0.02
0.0310005 -0.02
0.0305005 -0.02
0.0300005 -0.02
0.0295005 -0.02
0.0290005 -0.02
0.0285005 -0.02
0.0280005 -0.02
0.0275005 -0.02
0.0270005 -0.02
0.0265005 -0.02
0.0260005 -0.02
0.0255005 -0.02
0.0250005 -0.02
0.0245005 -0.02
0.0240005 -0.02
0.0235005 -0.02
0.0230005 -0.02
0.0225005 -0.02
0.0220005 -0.02
0.0215005 -0.02
0.0210005 -0.02
0.0205005 -0.02
0.0200005 -0.02
0.0195005 -0.02
0.0190005 -0.02
0.0185005 -0.02
0.0180005 -0.02
0.0175005 -0.02
0.0170006 -0.02
0.0165006 -0.02
0.0160006 -0.02
0.0155006 -0.02
0.0150006 -0.02
0.0145006 -0.02
0.0140006 -0.02
0.0135006 -0.02
0.0130006 -0.02
0.0125006 -0.02
0.0120006 -0.02
0.0115006 -0.02
0.0110006 -0.02
0.0105006 -0.02
0.0100006 -0.02
0.00950055 -0.02
0.00900055 -0.02
0.00850055 -0.02
0.00800055 -0.02
0.00750055 -0.02
0.00700055 -0.02
0.00650055 -0.02
0.00600055 -0.02
0.00550055 -0.02
0.00500055 -0.02
0.00450055 -0.02
0.00400055 -0.02
0.00350055 -0.02
0.00300055 -0.02
0.00250055 -0.02
0.00200055 -0.02
0.00150055 -0.02
0.00100055 -0.02
0.00050055 -0.02
5.49853e-07 -0.02
-0.00049945 -0.02
-0.00099945 -0.02
-0.00149945 -0.02
-0.00199945 -0.02
-0.00249945 -0.02
-0.00299945 -0.02
-0.00349945 -0.02
-0.00399945 -0.02
-0.00449945 -0.02
-0.00499945 -0.02
-0.00549945 -0.02
-0.00599945 -0.02
-0.00649945 -0.02
-0.00699945 -0.02
-0.00749945 -0.02
-0.00799945 -0.02
-0.00849945 -0.02
-0.00899945 -0.02
-0.00949945 -0.02
-0.00999945 -0.02
-0.0104995 -0.02
-0.0109995 -0.02
-0.0114995 -0.02
-0.0119995 -0.02
-0.0124995 -0.02
-0.0129995 -0.02
-0.0134995 -0.02
-0.0139995 -0.02
-0.0144995 -0.02
-0.0149995 -0.02
-0.0154995 -0.02
-0.0159995 -0.02
-0.0164995 -0.02
-0.0169994 -0.02
-0.0174994 -0.02
-0.0179994 -0.02
-0.0184994 -0.02
-0.0189994 -0.02
-0.0194994 -0.02
-0.0199994 -0.02
-0.0204994 -0.02
-0.0209994 -0.02
-0.0214994 -0.02
-0.0219994 -0.02
-0.0224994 -0.02
-0.0229994 -0.02
-0.0234994 -0.02
-0.0239994 -0.02
-0.0244994 -0.02
-0.0249994 -0.02
-0.0254994 -0.02
-0.0259994 -0.02
-0.0264994 -0.02
-0.0269994 -0.02
-0.0274994 -0.02
-0.0279994 -0.02
-0.0284994 -0.02
-0.0289994 -0.02
-0.0294994 -0.02
-0.0299994 -0.02
-0.0304994 -0.02
-0.0309994 -0.02
-0.0314994 -0.02
-0.0319994 -0.02
-0.0324994 -0.02
-0.0329994 -0.02
-0.0334994 -0.02
-0.0339994 -0.02
-0.0344994 -0.02
-0.0349994 -0.02
-0.0354994 -0.02
-0.0359994 -0.02
-0.0364994 -0.02
-0.0369994 -0.02
-0.0374994 -0.02
-0.0379994 -0.02
-0.0384994 -0.02
-0.0389994 -0.02
-0.0394994 -0.02
-0.0399994 -0.02
-0.0404994 -0.02
-0.0409994 -0.02
-0.0414994 -0.02
-0.0419994 -0.02
-0.0424994 -0.02
-0.0429995 -0.02
-0.0434995 -0.02
-0.0439995 -0.02
-0.0444995 -0.02
-0.0449995 -0.02
-0.0454995 -0.02
-0.0459995 -0.02
-0.0464995 -0.02
-0.0469995 -0.02
-0.0474995 -0.02
-0.0479995 -0.02
-0.0484995 -0.02
-0.0489995 -0.02
-0.0494995 -0.02
-0.0499995 -0.02
-0.0504995 -0.02
-0.0509995 -0.02
-0.0514995 -0.02
-0.0519995 -0.02
-0.0524995 -0.02
-0.0529995 -0.02
-0.0534995 -0.02
-0.0539995 -0.02
-0.0544995 -0.02
-0.0549995 -0.02
-0.0554995 -0.02
-0.0559995 -0.02
-0.0564995 -0.02
-0.0569995 -0.02
-0.0574995 -0.02
-0.0579995 -0.02
-0.0584995 -0.02
-0.0589995 -0.02
-0.0594995 -0.02
-0.0599995 -0.02
-0.0604995 -0.02
-0.0609995 -0.02
-0.0614995 -0.02
-0.0619995 -0.02
-0.0624995 -0.02
-0.0629995 -0.02
-0.0634995 -0.02
-0.0639995 -0.02
-0.0644995 -0.02
-0.0649995 -0.02
-0.0654995 -0.02
-0.0659995 -0.02
-0.0664995 -0.02
-0.0669995 -0.02
-0.0674995 -0.02
-0.0679995 -0.02
-0.0684995 -0.02
-0.0689995 -0.02
-0.0694995 -0.02
-0.0699995 -0.02
-0.0704995 -0.02
-0.0709995 -0.02
-0.0714995 -0.02
-0.0719995 -0.02
-0.0724995 -0.02
-0.0729995 -0.02
-0.0734995 -0.02
-0.0739995 -0.02
-0.0744995 -0.02
-0.0749995 -0.02
-0.0754995 -0.02
-0.0759995 -0.02
-0.0764995 -0.02
-0.0769995 -0.02
-0.0774995 -0.02
-0.0779995 -0.02
-0.0784995 -0.02
-0.0789995 -0.02
-0.0794995 -0.02
-0.0799995 -0.02
-0.0804995 -0.02
-0.0809995 -0.02
-0.0814995 -0.02
-0.0819995 -0.02
-0.0824995 -0.02
-0.0829995 -0.02
-0.0834995 -0.02
-0.0839995 -0.02
-0.0844995 -0.02
-0.0849995 -0.02
-0.0854995 -0.02
-0.0859995 -0.02
-0.0864995 -0.02
-0.0869995 -0.02
-0.0874995 -0.02
-0.0879995 -0.02
-0.0884995 -0.02
-0.0889995 -0.02
-0.0894995 -0.02
-0.0899995 -0.02
-0.0904995 -0.02
-0.0909995 -0.02
-0.0914995 -0.02
-0.0919995 -0.02
-0.0924995 -0.02
-0.0929995 -0.02
-0.0934995 -0.02
-0.0939995 -0.02
-0.0944996 -0.02
-0.0949996 -0.02
-0.0954996 -0.02
-0.0959996 -0.02
-0.0964996 -0.02
-0.0969996 -0.02
-0.0974996 -0.02
-0.0979996 -0.02
-0.0984996 -0.02
-0.0989996 -0.02
-0.0994996 -0.02
-0.0999996 -0.02
-0.1005 -0.02
-0.101 -0.02
-0.1015 -0.02
-0.102 -0.02
-0.1025 -0.02
-0.103 -0.02
-0.1035 -0.02
-0.104 -0.02
-0.1045 -0.02
-0.105 -0.02
-0.1055 -0.02
-0.106 -0.02
-0.1065 -0.02
-0.107 -0.02
-0.1075 -0.02
-0.108 -0.02
-0.1085 -0.02
-0.109 -0.02
-0.1095 -0.02
-0.11 -0.02
-0.1105 -0.02
-0.111 -0.02
-0.1115 -0.02
-0.112 -0.02
-0.1125 -0.02
-0.113 -0.02
-0.1135 -0.02
-0.114 -0.02
-0.1145 -0.02
-0.115 -0.02
-0.1155 -0.02
-0.116 -0.02
-0.1165 -0.02
-0.117 -0.02
-0.1175 -0.02
-0.118 -0.02
-0.1185 -0.02
-0.119 -0.02
-0.1195 -0.02
-0.12 -0.02
-0.1205 -0.02
-0.121 -0.02
-0.1215 -0.02
-0.122 -0.02
-0.1225 -0.02
-0.123 -0.02
-0.1235 -0.02
-0.124 -0.02
-0.1245 -0.02
-0.125 -0.02
-0.1255 -0.02
-0.126 -0.02
-0.1265 -0.02
-0.127 -0.02
-0.1275 -0.02
-0.128 -0.02
-0.1285 -0.02
-0.129 -0.02
-0.1295 -0.02
-0.13 -0.02
-0.1305 -0.02
-0.131 -0.02
-0.1315 -0.02
-0.132 -0.02
-0.1325 -0.02
-0.133 -0.02
-0.1335 -0.02
-0.133999 -0.02
-0.134499 -0.02
-0.134999 -0.02
-0.135499 -0.02
-0.135999 -0.02
-0.136499 -0.02
-0.136999 -0.02
-0.137499 -0.02
-0.137999 -0.02
-0.138499 -0.02
-0.138999 -0.02
-0.139499 -0.02
-0.139999 -0.02
-0.140499 -0.02
-0.140999 -0.02
-0.141499 -0.02
-0.141999 -0.02
-0.142499 -0.02
-0.142999 -0.02
-0.143499 -0.02
-0.143999 -0.02
-0.144499 -0.02
-0.144999 -0.02
-0.145499 -0.02
-0.145999 -0.02
-0.146499 -0.02
-0.146999 -0.02
-0.147499 -0.02
-0.147999 -0.02
-0.148499 -0.02
-0.148999 -0.02
-0.149499 -0.02
-0.149999 -0.02
-0.150499 -0.02
-0.150999 -0.02
-0.151499 -0.02
-0.151999 -0.02
-0.152499 -0.02
-0.152999 -0.02
-0.153499 -0.02
-0.153999 -0.02
-0.154499 -0.02
-0.154999 -0.02
-0.155499 -0.02
-0.155999 -0.02
-0.156499 -0.02
-0.156999 -0.02
-0.157499 -0.02
-0.157999 -0.02
-0.158499 -0.02
-0.158999 -0.02
-0.159499 -0.02
-0.159999 -0.02
-0.160499 -0.02
-0.160999 -0.02
-0.161499 -0.02
-0.161999 -0.02
-0.162499 -0.02
-0.162999 -0.02
-0.163499 -0.02
-0.163999 -0.02
-0.164499 -0.02
-0.164999 -0.02
-0.165499 -0.02
-0.165999 -0.02
-0.166499 -0.02
-0.166999 -0.02
-0.167499 -0.02
-0.167999 -0.02
-0.168499 -0.02
-0.168999 -0.02
-0.169499 -0.02
-0.169999 -0.02
-0.170499 -0.02
-0.170999 -0.02
-0.171499 -0.02
-0.171999 -0.02
-0.172499 -0.02
-0.172999 -0.02
-0.173499 -0.02
-0.173999 -0.02
-0.174499 -0.02
-0.174999 -0.02
-0.175499 -0.02
-0.175999 -0.02
-0.176499 -0.02
-0.176999 -0.02
-0.177499 -0.02
-0.177999 -0.02
-0.178499 -0.02
-0.178999 -0.02
-0.179499 -0.02
-0.179999 -0.02
End
-0.18 -0.02
-0.18 -0.0195
-0.18 -0.019
-0.18 -0.0185
-0.18 -0.018
-0.18 -0.0175
-0.18 -0.017
-0.18 -0.0165
-0.18 -0.016
-0.18 -0.0155
-0.18 -0.015
-0.18 -0.0145
-0.18 -0.014
-0.18 -0.0135
-0.18 -0.013
-0.18 -0.0125
-0.18 -0.012
-0.18 -0.0115
-0.18 -0.011
-0.18 -0.0105
-0.18 -0.01
-0.18 -0.00950001
-0.18 -0.00900001
-0.18 -0.00850001
-0.18 -0.00800001
-0.18 -0.0075
-0.18 -0.007
-0.18 -0.0065
-0.18 -0.006
-0.18 -0.0055
-0.18 -0.005
-0.18 -0.0045
-0.18 -0.004
-0.18 -0.0035
-0.18 -0.003
-0.18 -0.0025
-0.18 -0.002
-0.18 -0.0015
-0.18 -0.001
-0.18 -0.000500004
-0.18 -4.09828e-09
-0.18 0.000499996
-0.18 0.000999996
-0.18 0.0015
-0.18 0.002
-0.18 0.0025
-0.18 0.003
-0.18 0.0035
-0.18 0.004
-0.18 0.0045
-0.18 0.005
-0.18 0.0055
-0.18 0.006
-0.18 0.0065
-0.18 0.007
-0.18 0.0075
-0.18 0.008
-0.18 0.0085
-0.18 0.009
-0.18 0.0095
-0.18 0.01
-0.18 0.0105
-0.18 0.011
-0.18 0.0115
-0.18 0.012
-0.18 0.0125
-0.18 0.013
-0.18 0.0135
-0.18 0.014
-0.18 0.0145
-0.18 0.015
-0.18 0.0155
-0.18 0.016
-0.18 0.0165
-0.18 0.017
-0.18 0.0175
-0.18 0.018
-0.18 0.0185
-0.18 0.019
-0.18 0.0195
-0.18 0.02
-0.18 0.0205
-0.18 0.021
-0.18 0.0215
-0.18 0.022
-0.18 0.0225
-0.18 0.023
-0.18 0.0235
-0.18 0.024
-0.18 0.0245
-0.18 0.025
-0.18 0.0255
-0.18 0.026
-0.18 0.0265
-0.18 0.027
-0.18 0.0275
-0.18 0.028
-0.18 0.0285
-0.18 0.029
-0.18 0.0295
-0.18 0.03
-0.18 0.0305
-0.18 0.031
-0.18 0.0315
-0.18 0.032
-0.18 0.0325
-0.18 0.033
-0.18 0.0335
-0.18 0.034
-0.18 0.0345
-0.18 0.035
-0.18 0.0355
-0.18 0.036
-0.18 0.0365
-0.18 0.037
-0.18 0.0375
-0.18 0.038
-0.18 0.0385
-0.18 0.039
-0.18 0.0395
-0.18 0.04
-0.18 0.0405
-0.18 0.041
-0.18 0.0415
-0.18 0.042
-0.18 0.0425
-0.18 0.043
-0.18 0.0435
-0.18 0.044
-0.18 0.0445
-0.18 0.045
-0.18 0.0455
-0.18 0.046
-0.18 0.0465
-0.18 0.047
-0.18 0.0475
-0.18 0.048
-0.18 0.0485
-0.18 0.049
-0.18 0.0495
-0.18 0.05
-0.18 0.0505
-0.18 0.051
-0.18 0.0515
-0.18 0.052
-0.18 0.0525
-0.18 0.053
-0.18 0.0535
-0.18 0.054
-0.18 0.0545
-0.18 0.055
-0.18 0.0555
-0.18 0.056
-0.18 0.0565
-0.18 0.057
-0.18 0.0575
-0.18 0.058
-0.18 0.0585
-0.18 0.059
-0.18 0.0595
-0.18 0.06
-0.18 0.0605
-0.18 0.061
-0.18 0.0615
-0.18 0.062
-0.18 0.0625
-0.18 0.063
-0.18 0.0635
-0.18 0.064
-0.18 0.0645
-0.18 0.065
-0.18 0.0655
-0.18 0.066
-0.18 0.0665
-0.18 0.067
-0.18 0.0675
-0.18 0.068
-0.18 0.0685
-0.18 0.069
-0.18 0.0695
-0.18 0.07
-0.18 0.0705
-0.18 0.071
-0.18 0.0715
-0.18 0.072
-0.18 0.0725001
-0.18 0.0730001
-0.18 0.0735001
-0.18 0.0740001
-0.18 0.0745001
-0.18 0.0750001
-0.18 0.0755001
-0.18 0.0760001
-0.18 0.0765001
-0.18 0.0770001
-0.18 0.0775001
-0.18 0.0780001
-0.18 0.0785001
-0.18 0.0790001
-0.18 0.0795001
-0.18 0.0800001
-0.18 0.0805001
-0.18 0.0810001
-0.18 0.0815001
-0.18 0.0820001
-0.18 0.0825001
-0.18 0.0830001
-0.18 0.0835001
-0.18 0.0840001
-0.18 0.0845001
-0.18 0.0850001
-0.18 0.0855001
-0.18 0.0860001
-0.18 0.0865001
-0.18 0.0870001
-0.18 0.0875001
-0.18 0.0880001
-0.18 0.0885001
-0.18 0.0890001
-0.18 0.0895001
-0.18 0.0900001
-0.18 0.0905001
-0.18 0.0910001
-0.18 0.0915001
-0.18 0.0920001
-0.18 0.0925001
-0.18 0.0930001
-0.18 0.0935001
-0.18 0.0940001
-0.18 0.0945001
-0.18 0.0950001
-0.18 0.0955001
-0.18 0.0960001
-0.18 0.0965001
-0.18 0.0970001
-0.18 0.0975001
-0.18 0.0980001
-0.18 0.0985001
-0.18 0.0990001
-0.18 0.0995001
-0.18 0.1
-0.18 0.1005
-0.18 0.101
-0.18 0.1015
-0.18 0.102
-0.18 0.1025
-0.18 0.103
-0.18 0.1035
-0.18 0.104
-0.18 0.1045
-0.18 0.105
-0.18 0.1055
-0.18 0.106
-0.18 0.1065
-0.18 0.107
-0.18 0.1075
-0.18 0.108
-0.18 0.1085
-0.18 0.109
-0.18 0.1095
-0.18 0.11
-0.18 0.1105
-0.18 0.111
-0.18 0.1115
-0.18 0.112
-0.18 0.1125
-0.18 0.113
-0.18 0.1135
-0.18 0.114
-0.18 0.1145
-0.18 0.115
-0.18 0.1155
-0.18 0.116
-0.18 0.1165
-0.18 0.117
-0.18 0.1175
-0.18 0.118
-0.18 0.1185
-0.18 0.119
-0.18 0.1195
-0.18 0.12
-0.18 0.1205
-0.18 0.121
-0.18 0.1215
-0.18 0.122
-0.18 0.1225
-0.18 0.123
-0.18 0.1235
-0.18 0.124
-0.18 0.1245
-0.18 0.125
-0.18 0.1255
-0.18 0.126
-0.18 0.1265
-0.18 0.127
-0.18 0.1275
-0.18 0.128
-0.18 0.1285
-0.18 0.129
-0.18 0.1295
-0.18 0.13
-0.18 0.1305
-0.18 0.131
-0.18 0.1315
-0.18 0.132
-0.18 0.1325
-0.18 0.133
-0.18 0.1335
-0.18 0.134
-0.18 0.1345
-0.18 0.135
-0.18 0.1355
-0.18 0.136
-0.18 0.1365
-0.18 0.137
-0.18 0.1375
-0.18 0.138
-0.18 0.1385
-0.18 0.139
-0.18 0.1395
-0.18 0.14
-0.18 0.1405
-0.18 0.141
-0.18 0.1415
-0.18 0.142
-0.18 0.1425
-0.18 0.143
-0.18 0.1435
-0.18 0.144
-0.18 0.1445
-0.18 0.145
-0.18 0.1455
-0.18 0.146
-0.18 0.1465
-0.18 0.147
-0.18 0.1475
-0.18 0.148
-0.18 0.1485
-0.18 0.149
-0.18 0.1495
-0.18 0.15
-0.18 0.1505
-0.18 0.151
-0.18 0.1515
-0.18 0.152
-0.18 0.1525
-0.18 0.153
-0.18 0.1535
-0.18 0.154
-0.18 0.1545
-0.18 0.155
-0.18 0.1555
-0.18 0.156
-0.18 0.1565
-0.18 0.157
-0.18 0.1575
-0.18 0.158
-0.18 0.1585
-0.18 0.159
-0.18 0.1595
-0.18 0.16
End
-0.18 0.16
-0.1795 0.16
-0.179 0.16
-0.1785 0.16
-0.178 0.16
-0.1775 0.16
-0.177 0.16
-0.1765 0.16
-0.176 0.16
-0.1755 0.16
-0.175 0.16
-0.1745 0.16
-0.174 0.16
-0.1735 0.16
-0.173 0.16
-0.1725 0.16
-0.172 0.16
-0.1715 0.16
-0.171 0.16
-0.1705 0.16
-0.17 0.16
-0.1695 0.16
-0.169 0.16
-0.1685 0.16
-0.168 0.16
-0.1675 0.16
-0.167 0.16
-0.1665 0.16
-0.166 0.16
-0.1655 0.16
-0.165 0.16
-0.1645 0.16
-0.164 0.16
-0.1635 0.16
-0.163 0.16
-0.1625 0.16
-0.162 0.16
-0.1615 0.16
-0.161 0.16
-0.1605 0.16
-0.16 0.16
-0.1595 0.16
-0.159 0.16
-0.1585 0.16
-0.158 0.16
-0.1575 0.16
-0.157 0.16
-0.1565 0.16
-0.156 0.16
-0.1555 0.16
-0.155 0.16
-0.1545 0.16
-0.154 0.16
-0.1535 0.16
-0.153 0.16
-0.1525 0.16
-0.152 0.16
-0.1515 0.16
-0.151 0.16
-0.1505 0.16
-0.15 0.16
-0.1495 0.16
-0.149 0.16
-0.1485 0.16
-0.148 0.16
-0.1475 0.16
-0.147 0.16
-0.1465 0.16
-0.146 0.16
-0.1455 0.16
-0.145 0.16
-0.1445 0.16
-0.144 0.16
-0.1435 0.16
-0.143 0.16
-0.1425 0.16
-0.142 0.16
-0.141501 0.16
-0.141001 0.16
-0.140501 0.16
-0.140001 0.16
-0.139501 0.16
-0.139001 0.16
-0.138501 0.16
-0.138001 0.16
-0.137501 0.16
-0.137001 0.16
-0.136501 0.16
-0.136001 0.16
-0.135501 0.16
-0.135001 0.16
-0.134501 0.16
-0.134001 0.16
-0.133501 0.16
-0.133001 0.16
-0.132501 0.16
-0.132001 0.16
-0.131501 0.16
-0.131001 0.16
-0.130501 0.16
-0.130001 0.16
-0.129501 0.16
-0.129001 0.16
-0.128501 0.16
-0.128001 0.16
-0.127501 0.16
-0.127001 0.16
-0.126501 0.16
-0.126001 0.16
-0.125501 0.16
-0.125001 0.16
-0.124501 0.16
-0.124001 0.16
-0.123501 0.16
-0.123001 0.16
-0.122501 0.16
-0.122001 0.16
-0.121501 0.16
-0.121001 0.16
-0.120501 0.16
-0.120001 0.16
-0.119501 0.16
-0.119001 0.16
-0.118501 0.16
-0.118001 0.16
-0.117501 0.16
-0.117001 0.16
-0.116501 0.16
-0.116001 0.16
-0.115501 0.16
-0.115001 0.16
-0.114501 0.16
-0.114001 0.16
-0.113501 0.16
-0.113001 0.16
-0.112501 0.16
-0.112001 0.16
-0.111501 0.16
-0.111001 0.16
-0.110501 0.16
-0.110001 0.16
-0.109501 0.16
-0.109001 0.16
-0.108501 0.16
-0.108001 0.16
-0.107501 0.16
-0.107001 0.16
-0.106501 0.16
-0.106001 0.16
-0.105501 0.16
-0.105001 0.16
-0.104501 0.16
-0.104001 0.16
-0.103501 0.16
-0.103001 0.16
-0.102501 0.16
-0.102001 0.16
-0.101501 0.16
-0.101001 0.16
-0.100501 0.16
-0.100001 0.16
-0.0995007 0.16
-0.0990007 0.16
-0.0985007 0.16
-0.0980007 0.16
-0.0975007 0.16
-0.0970007 0.16
-0.0965007 0.16
-0.0960007 0.16
-0.0955007 0.16
-0.0950007 0.16
-0.0945007 0.16
-0.0940007 0.16
-0.0935007 0.16
-0.0930007 0.16
-0.0925006 0.16
-0.0920006 0.16
-0.0915006 0.16
-0.0910006 0.16
-0.0905006 0.16
-0.0900006 0.16
-0.0895006 0.16
-0.0890006 0.16
-0.0885006 0.16
-0.0880006 0.16
-0.0875006 0.16
-0.0870006 0.16
-0.0865006 0.16
-0.0860006 0.16
-0.0855006 0.16
-0.0850006 0.16
-0.0845006 0.16
-0.0840006 0.16
-0.0835006 0.16
-0.0830006 0.16
-0.0825006 0.16
-0.0820006 0.16
-0.0815006 0.16
-0.0810006 0.16
-0.0805006 0.16
-0.0800006 0.16
-0.0795006 0.16
-0.0790006 0.16
-0.0785006 0.16
-0.0780006 0.16
-0.0775006 0.16
-0.0770006 0.16
-0.0765006 0.16
-0.0760006 0.16
-0.0755006 0.16
-0.0750006 0.16
-0.0745006 0.16
-0.0740006 0.16
-0.0735006 0.16
-0.0730006 0.16
-0.0725006 0.16
-0.0720006 0.16
-0.0715006 0.16
-0.0710006 0.16
-0.0705006 0.16
-0.0700006 0.16
-0.0695006 0.16
-0.0690006 0.16
-0.0685006 0.16
-0.0680006 0.16
-0.0675006 0.16
-0.0670006 0.16
-0.0665006 0.16
-0.0660006 0.16
-0.0655006 0.16
-0.0650006 0.16
-0.0645006 0.16
-0.0640006 0.16
-0.0635006 0.16
-0.0630006 0.16
-0.0625006 0.16
-0.0620006 0.16
-0.0615006 0.16
-0.0610006 0.16
-0.0605006 0.16
-0.0600006 0.16
-0.0595006 0.16
-0.0590006 0.16
-0.0585006 0.16
-0.0580006 0.16
-0.0575006 0.16
-0.0570006 0.16
-0.0565006 0.16
-0.0560006 0.16
-0.0555006 0.16
-0.0550006 0.16
-0.0545006 0.16
-0.0540006 0.16
-0.0535006 0.16
-0.0530006 0.16
-0.0525006 0.16
-0.0520006 0.16
-0.0515006 0.16
-0.0510006 0.16
-0.0505006 0.16
-0.0500006 0.16
-0.0495006 0.16
-0.0490006 0.16
-0.0485006 0.16
-0.0480006 0.16
-0.0475006 0.16
-0.0470006 0.16
-0.0465006 0.16
-0.0460006 0.16
-0.0455006 0.16
-0.0450006 0.16
-0.0445006 0.16
-0.0440006 0.16
-0.0435006 0.16
-0.0430005 0.16
-0.0425005 0.16
-0.0420005 0.16
-0.0415005 0.16
-0.0410005 0.16
-0.0405005 0.16
-0.0400005 0.16
-0.0395005 0.16
-0.0390005 0.16
-0.0385005 0.16
-0.0380005 0.16
-0.0375005 0.16
-0.0370005 0.16
-0.0365005 0.16
-0.0360005 0.16
-0.0355005 0.16
-0.0350005 0.16
-0.0345005 0.16
-0.0340005 0.16
-0.0335005 0.16
-0.0330005 0.16
-0.0325005 0.16
-0.0320005 0.16
-0.0315005 0.16
-0.0310005 0.16
-0.0305005 0.16
-0.0300005 0.16
-0.0295005 0.16
-0.0290005 0.16
-0.0285005 0.16
-0.0280005 0.16
-0.0275005 0.16
-0.0270005 0.16
-0.0265005 0.16
-0.0260005 0.16
-0.0255005 0.16
-0.0250005 0.16
-0.0245005 0.16
-0.0240005 0.16
-0.0235005 0.16
-0.0230005 0.16
-0.0225005 0.16
-0.0220005 0.16
-0.0215005 0.16
-0.0210005 0.16
-0.0205005 0.16
-0.0200005 0.16
-0.0195005 0.16
-0.0190005 0.16
-0.0185005 0.16
-0.0180005 0.16
-0.0175005 0.16
-0.0170006 0.16
-0.0165006 0.16
-0.0160006 0.16
-0.0155006 0.16
-0.0150006 0.16
-0.0145006 0.16
-0.0140006 0.16
-0.0135006 0.16
-0.0130006 0.16
-0.0125006 0.16
-0.0120006 0.16
-0.0115006 0.16
-0.0110006 0.16
-0.0105006 0.16
-0.0100006 0.16
-0.00950055 0.16
-0.00900055 0.16
-0.00850055 0.16
-0.00800055 0.16
-0.00750055 0.16
-0.00700055 0.16
-0.00650055 0.16
-0.00600055 0.16
-0.00550055 0.16
-0.00500055 0.16
-0.00450055 0.16
-0.00400055 0.16
-0.00350055 0.16
-0.00300055 0.16
-0.00250055 0.16
-0.00200055 0.16
-0.00150055 0.16
-0.00100055 0.16
-0.00050055 0.16
-5.49853e-07 0.16
0.00049945 0.16
0.00099945 0.16
0.00149945 0.16
0.00199945 0.16
0.00249945 0.16
0.00299945 0.16
0.00349945 0.16
0.00399945 0.16
0.00449945 0.16
0.00499945 0.16
0.00549945 0.16
0.00599945 0.16
0.00649945 0.16
0.00699945 0.16
0.00749945 0.16
0.00799945 0.16
0.00849945 0.16
0.00899945 0.16
0.00949945 0.16
0.00999945 0.16
0.0104995 0.16
0.0109995 0.16
0.0114995 0.16
0.0119995 0.16
0.0124995 0.16
0.0129995 0.16
0.0134995 0.16
0.0139995 0.16
0.0144995 0.16
0.0149995 0.16
0.0154995 0.16
0.0159995 0.16
0.0164995 0.16
0.0169994 0.16
0.0174994 0.16
0.0179994 0.16
0.0184994 0.16
0.0189994 0.16
0.0194994 0.16
0.0199994 0.16
0.0204994 0.16
0.0209994 0.16
0.0214994 0.16
0.0219994 0.16
0.0224994 0.16
0.0229994 0.16
0.0234994 0.16
0.0239994 0.16
0.0244994 0.16
0.0249994 0.16
0.0254994 0.16
0.0259994 0.16
0.0264994 0.16
0.0269994 0.16
0.0274994 0.16
0.0279994 0.16
0.0284994 0.16
0.0289994 0.16
0.0294994 0.16
0.0299994 0.16
0.0304994 0.16
0.0309994 0.16
0.0314994 0.16
0.0319994 0.16
0.0324994 0.16
0.0329994 0.16
0.0334994 0.16
0.0339994 0.16
0.0344994 0.16
0.0349994 0.16
0.0354994 0.16
0.0359994 0.16
0.0364994 0.16
0.0369994 0.16
0.0374994 0.16
0.0379994 0.16
0.0384994 0.16
0.0389994 0.16
0.0394994 0.16
0.0399994 0.16
0.0404994 0.16
0.0409994 0.16
0.0414994 0.16
0.0419994 0.16
0.0424994 0.16
0.0429995 0.16
0.0434995 0.16
0.0439995 0.16
0.0444995 0.16
0.0449995 0.16
0.0454995 0.16
0.0459995 0.16
0.0464995 0.16
0.0469995 0.16
0.0474995 0.16
0.0479995 0.16
0.0484995 0.16
0.0489995 0.16
0.0494995 0.16
0.0499995 0.16
0.0504995 0.16
0.0509995 0.16
0.0514995 0.16
0.0519995 0.16
0.0524995 0.16
0.0529995 0.16
0.0534995 0.16
0.0539995 0.16
0.0544995 0.16
0.0549995 0.16
0.0554995 0.16
0.0559995 0.16
0.0564995 0.16
0.0569995 0.16
0.0574995 0.16
0.0579995 0.16
0.0584995 0.16
0.0589995 0.16
0.0594995 0.16
0.0599995 0.16
0.0604995 0.16
0.0609995 0.16
0.0614995 0.16
0.0619995 0.16
0.0624995 0.16
0.0629995 0.16
0.0634995 0.16
0.0639995 0.16
0.0644995 0.16
0.0649995 0.16
0.0654995 0.16
0.0659995 0.16
0.0664995 0.16
0.0669995 0.16
0.0674995 0.16
0.0679995 0.16
0.0684995 0.16
0.0689995 0.16
0.0694995 0.16
0.0699995 0.16
0.0704995 0.16
0.0709995 0.16
0.0714995 0.16
0.0719995 0.16
0.0724995 0.16
0.0729995 0.16
0.0734995 0.16
0.0739995 0.16
0.0744995 0.16
0.0749995 0.16
0.0754995 0.16
0.0759995 0.16
0.0764995 0.16
0.0769995 0.16
0.0774995 0.16
0.0779995 0.16
0.0784995 0.16
0.0789995 0.16
0.0794995 0.16
0.0799995 0.16
0.0804995 0.16
0.0809995 0.16
0.0814995 0.16
0.0819995 0.16
0.0824995 0.16
0.0829995 0.16
0.0834995 0.16
0.0839995 0.16
0.0844995 0.16
0.0849995 0.16
0.0854995 0.16
0.0859995 0.16
0.0864995 0.16
0.0869995 0.16
0.0874995 0.16
0.0879995 0.16
0.0884995 0.16
0.0889995 0.16
0.0894995 0.16
0.0899995 0.16
0.0904995 0.16
0.0909995 0.16
0.0914995 0.16
0.0919995 0.16
0.0924995 0.16
0.0929995 0.16
0.0934995 0.16
0.0939995 0.16
0.0944996 0.16
0.0949996 0.16
0.0954996 0.16
0.0959996 0.16
0.0964996 0.16
0.0969996 0.16
0.0974996 0.16
0.0979996 0.16
0.0984996 0.16
0.0989996 0.16
0.0994996 0.16
0.0999996 0.16
0.1005 0.16
0.101 0.16
0.1015 0.16
0.102 0.16
0.1025 0.16
0.103 0.16
0.1035 0.16
0.104 0.16
0.1045 0.16
0.105 0.16
0.1055 0.16
0.106 0.16
0.1065 0.16
0.107 0.16
0.1075 0.16
0.108 0.16
0.1085 0.16
0.109 0.16
0.1095 0.16
0.11 0.16
0.1105 0.16
0.111 0.16
0.1115 0.16
0.112 0.16
0.1125 0.16
0.113 0.16
0.1135 0.16
0.114 0.16
0.1145 0.16
0.115 0.16
0.1155 0.16
0.116 0.16
0.1165 0.16
0.117 0.16
0.1175 0.16
0.118 0.16
0.1185 0.16
0.119 0.16
0.1195 0.16
0.12 0.16
0.1205 0.16
0.121 0.16
0.1215 0.16
0.122 0.16
0.1225 0.16
0.123 0.16
0.1235 0.16
0.124 0.16
0.1245 0.16
0.125 0.16
0.1255 0.16
0.126 0.16
0.1265 0.16
0.127 0.16
0.1275 0.16
0.128 0.16
0.1285 0.16
0.129 0.16
0.1295 0.16
0.13 0.16
0.1305 0.16
0.131 0.16
0.1315 0.16
0.132 0.16
0.1325 0.16
0.133 0.16
0.1335 0.16
0.133999 0.16
0.134499 0.16
0.134999 0.16
0.135499 0.16
0.135999 0.16
0.136499 0.16
0.136999 0.16
0.137499 0.16
0.137999 0.16
0.138499 0.16
0.138999 0.16
0.139499 0.16
0.139999 0.16
0.140499 0.16
0.140999 0.16
0.141499 0.16
0.141999 0.16
0.142499 0.16
0.142999 0.16
0.143499 0.16
0.143999 0.16
0.144499 0.16
0.144999 0.16
0.145499 0.16
0.145999 0.16
0.146499 0.16
0.146999 0.16
0.147499 0.16
0.147999 0.16
0.148499 0.16
0.148999 0.16
0.149499 0.16
0.149999 0.16
0.150499 0.16
0.150999 0.16
0.151499 0.16
0.151999 0.16
0.152499 0.16
0.152999 0.16
0.153499 0.16
0.153999 0.16
0.154499 0.16
0.154999 0.16
0.155499 0.16
0.155999 0.16
0.156499 0.16
0.156999 0.16
0.157499 0.16
0.157999 0.16
0.158499 0.16
0.158999 0.16
0.159499 0.16
0.159999 0.16
0.160499 0.16
0.160999 0.16
0.161499 0.16
0.161999 0.16
0.162499 0.16
0.162999 0.16
0.163499 0.16
0.163999 0.16
0.164499 0.16
0.164999 0.16
0.165499 0.16
0.165999 0.16
0.166499 0.16
0.166999 0.16
0.167499 0.16
0.167999 0.16
0.168499 0.16
0.168999 0.16
0.169499 0.16
0.169999 0.16
0.170499 0.16
0.170999 0.16
0.171499 0.16
0.171999 0.16
0.172499 0.16
0.172999 0.16
0.173499 0.16
0.173999 0.16
0.174499 0.16
0.174999 0.16
0.175499 0.16
0.175999 0.16
0.176499 0.16
0.176999 0.16
0.177499 0.16
0.177999 0.16
0.178499 0.16
0.178999 0.16
0.179499 0.16
0.179999 0.16
End

