0.19 0.71
0.19 0.7095
0.19 0.709
0.19 0.7085
0.19 0.708
0.19 0.7075
0.19 0.707
0.19 0.7065
0.19 0.706
0.19 0.7055
0.19 0.705
0.19 0.7045
0.19 0.704
0.19 0.7035
0.19 0.703
0.19 0.7025
0.19 0.702
0.19 0.7015
0.19 0.701
0.19 0.7005
0.19 0.7
0.19 0.699499
0.19 0.698999
0.19 0.698499
0.19 0.697999
0.19 0.697499
0.19 0.696999
0.19 0.696499
0.19 0.695999
0.19 0.695499
0.19 0.694999
0.19 0.694499
0.19 0.693999
0.19 0.693499
0.19 0.692999
0.19 0.692499
0.19 0.691999
0.19 0.691499
0.19 0.690999
0.19 0.690499
0.19 0.689999
0.19 0.689499
0.19 0.688999
0.19 0.688499
0.19 0.687999
0.19 0.687499
0.19 0.686999
0.19 0.686499
0.19 0.685999
0.19 0.685499
0.19 0.684999
0.19 0.684499
0.19 0.683999
0.19 0.683499
0.19 0.682999
0.19 0.682499
0.19 0.681999
0.19 0.681499
0.19 0.680999
0.19 0.680499
0.19 0.679999
0.19 0.679499
0.19 0.678999
0.19 0.678499
0.19 0.677998
0.19 0.677498
0.19 0.676998
0.19 0.676498
0.19 0.675998
0.19 0.675498
0.19 0.674998
0.19 0.674498
0.19 0.673998
0.19 0.673498
0.19 0.672998
0.19 0.672498
0.19 0.671998
0.19 0.671498
0.19 0.670998
0.19 0.670498
0.19 0.669998
0.19 0.669498
0.19 0.668998
0.19 0.668498
0.19 0.667998
0.19 0.667498
0.19 0.666998
0.19 0.666498
0.19 0.665998
0.19 0.665498
0.19 0.664998
0.19 0.664498
0.19 0.663998
0.19 0.663498
0.19 0.662998
0.19 0.662498
0.19 0.661998
0.19 0.661498
0.19 0.660998
0.19 0.660498
0.19 0.659998
0.19 0.659498
0.19 0.658998
0.19 0.658498
0.19 0.657998
0.19 0.657498
0.19 0.656998
0.19 0.656497
0.19 0.655997
0.19 0.655497
0.19 0.654997
0.19 0.654497
0.19 0.653997
0.19 0.653497
0.19 0.652997
0.19 0.652497
0.19 0.651997
0.19 0.651497
0.19 0.650997
0.19 0.650497
0.19 0.649997
0.19 0.649497
0.19 0.648997
0.19 0.648497
0.19 0.647997
0.19 0.647497
0.19 0.646997
0.19 0.646497
0.19 0.645997
0.19 0.645497
0.19 0.644997
0.19 0.644497
0.19 0.643997
0.19 0.643497
0.19 0.642997
0.19 0.642497
0.19 0.641997
0.19 0.641497
0.19 0.640997
0.19 0.640497
0.19 0.639997
0.19 0.639497
0.19 0.638997
0.19 0.638497
0.19 0.637997
0.19 0.637497
0.19 0.636997
0.19 0.636497
0.19 0.635997
0.19 0.635496
0.19 0.634996
0.19 0.634496
0.19 0.633996
0.19 0.633496
0.19 0.632996
0.19 0.632496
0.19 0.631996
0.19 0.631496
0.19 0.630996
0.19 0.630496
0.19 0.629996
0.19 0.629496
0.19 0.628996
0.19 0.628496
0.19 0.627996
0.19 0.627496
0.19 0.626996
0.19 0.626496
0.19 0.625996
0.19 0.625496
0.19 0.624996
0.19 0.624496
0.19 0.623996
0.19 0.623496
0.19 0.622996
0.19 0.622496
0.19 0.621996
0.19 0.621496
0.19 0.620996
0.19 0.620496
0.19 0.619996
0.19 0.619496
0.19 0.618996
0.19 0.618496
0.19 0.617996
0.19 0.617496
0.19 0.616996
0.19 0.616496
0.19 0.615996
0.19 0.615496
0.19 0.614996
0.19 0.614496
0.19 0.613995
0.19 0.613495
0.19 0.612995
0.19 0.612495
0.19 0.611995
0.19 0.611495
0.19 0.610995
0.19 0.610495
0.19 0.609995
0.19 0.609495
0.19 0.608995
0.19 0.608495
0.19 0.607995
0.19 0.607495
0.19 0.606995
0.19 0.606495
0.19 0.605995
0.19 0.605495
0.19 0.604995
0.19 0.604495
0.19 0.603995
0.19 0.603495
0.19 0.602995
0.19 0.602495
0.19 0.601995
0.19 0.601495
0.19 0.600995
0.19 0.600495
0.19 0.599995
0.19 0.599495
0.19 0.598995
0.19 0.598495
0.19 0.597995
0.19 0.597495
0.19 0.596995
0.19 0.596495
0.19 0.595995
0.19 0.595495
0.19 0.594995
0.19 0.594495
0.19 0.593995
0.19 0.593495
0.19 0.592995
0.19 0.592494
0.19 0.591994
0.19 0.591494
0.19 0.590994
0.19 0.590494
0.19 0.589994
0.19 0.589494
0.19 0.588994
0.19 0.588494
0.19 0.587994
0.19 0.587494
0.19 0.586994
0.19 0.586494
0.19 0.585994
0.19 0.585494
0.19 0.584994
0.19 0.584494
0.19 0.583994
0.19 0.583494
0.19 0.582994
0.19 0.582494
0.19 0.581994
0.19 0.581494
0.19 0.580994
0.19 0.580494
0.19 0.579994
0.19 0.579494
0.19 0.578994
0.19 0.578494
0.19 0.577994
0.19 0.577494
0.19 0.576994
0.19 0.576494
0.19 0.575994
0.19 0.575494
0.19 0.574994
0.19 0.574494
0.19 0.573994
0.19 0.573494
0.19 0.572994
0.19 0.572494
0.19 0.571994
0.19 0.571494
0.19 0.570993
0.19 0.570493
0.19 0.569993
0.19 0.569493
0.19 0.568993
0.19 0.568493
0.19 0.567993
0.19 0.567493
0.19 0.566993
0.19 0.566493
0.19 0.565993
0.19 0.565493
0.19 0.564993
0.19 0.564493
0.19 0.563993
0.19 0.563493
0.19 0.562993
0.19 0.562493
0.19 0.561993
0.19 0.561493
0.19 0.560993
0.19 0.560493
0.19 0.559993
0.19 0.559493
0.19 0.558993
0.19 0.558493
0.19 0.557993
0.19 0.557493
0.19 0.556993
0.19 0.556493
0.19 0.555993
0.19 0.555493
0.19 0.554993
0.19 0.554493
0.19 0.553993
0.19 0.553493
0.19 0.552993
0.19 0.552493
0.19 0.551993
0.19 0.551493
0.19 0.550993
0.19 0.550493
0.19 0.549993
0.19 0.549492
0.19 0.548992
0.19 0.548492
0.19 0.547992
0.19 0.547492
0.19 0.546992
0.19 0.546492
0.19 0.545992
0.19 0.545492
0.19 0.544992
0.19 0.544492
0.19 0.543992
0.19 0.543492
0.19 0.542992
0.19 0.542492
0.19 0.541992
0.19 0.541492
0.19 0.540992
0.19 0.540492
0.19 0.539992
0.19 0.539492
0.19 0.538992
0.19 0.538492
0.19 0.537992
0.19 0.537492
0.19 0.536992
0.19 0.536492
0.19 0.535992
0.19 0.535492
0.19 0.534992
0.19 0.534492
0.19 0.533992
0.19 0.533492
0.19 0.532992
0.19 0.532492
0.19 0.531992
0.19 0.531492
0.19 0.530992
0.19 0.530492
0.19 0.529992
0.19 0.529492
0.19 0.528992
0.19 0.528491
0.19 0.527991
0.19 0.527491
0.19 0.526991
0.19 0.526491
0.19 0.525991
0.19 0.525491
0.19 0.524991
0.19 0.524491
0.19 0.523991
0.19 0.523491
0.19 0.522991
0.19 0.522491
0.19 0.521991
0.19 0.521491
0.19 0.520991
0.19 0.520491
0.19 0.519991
0.19 0.519491
0.19 0.518991
0.19 0.518491
0.19 0.517991
0.19 0.517491
0.19 0.516991
0.19 0.516491
0.19 0.515991
0.19 0.515491
0.19 0.514991
0.19 0.514491
0.19 0.513991
0.19 0.513491
0.19 0.512991
0.19 0.512491
0.19 0.511991
0.19 0.511491
0.19 0.510991
0.19 0.510491
0.19 0.509991
0.19 0.509491
0.19 0.508991
0.19 0.508491
0.19 0.507991
0.19 0.507491
0.19 0.50699
0.19 0.50649
0.19 0.50599
0.19 0.50549
0.19 0.50499
0.19 0.50449
0.19 0.50399
0.19 0.50349
0.19 0.50299
0.19 0.50249
0.19 0.50199
0.19 0.50149
0.19 0.50099
0.19 0.50049
0.19 0.49999
0.19 0.49949
0.19 0.49899
0.19 0.49849
0.19 0.49799
0.19 0.49749
0.19 0.49699
0.19 0.49649
0.19 0.49599
0.19 0.49549
0.19 0.49499
0.19 0.49449
0.19 0.49399
0.19 0.49349
0.19 0.49299
0.19 0.49249
0.19 0.49199
0.19 0.49149
0.19 0.49099
0.19 0.49049
0.19 0.48999
0.19 0.48949
0.19 0.48899
0.19 0.48849
0.19 0.48799
0.19 0.48749
0.19 0.48699
0.19 0.48649
0.19 0.48599
0.19 0.48549
0.19 0.48499
0.19 0.48449
0.19 0.48399
0.19 0.48349
0.19 0.48299
0.19 0.48249
0.19 0.48199
0.19 0.48149
0.19 0.48099
0.19 0.48049
0.19 0.47999
0.19 0.47949
0.19 0.47899
0.19 0.47849
0.19 0.47799
0.19 0.47749
0.19 0.47699
0.19 0.47649
0.19 0.475991
0.19 0.475491
0.19 0.474991
0.19 0.474491
0.19 0.473991
0.19 0.473491
0.19 0.472991
0.19 0.472491
0.19 0.471991
0.19 0.471491
0.19 0.470991
0.19 0.470491
0.19 0.469991
0.19 0.469491
0.19 0.468991
0.19 0.468491
0.19 0.467991
0.19 0.467491
0.19 0.466991
0.19 0.466491
0.19 0.465991
0.19 0.465491
0.19 0.464991
0.19 0.464491
0.19 0.463991
0.19 0.463491
0.19 0.462991
0.19 0.462491
0.19 0.461991
0.19 0.461491
0.19 0.460991
0.19 0.460491
0.19 0.459991
0.19 0.459491
0.19 0.458991
0.19 0.458491
0.19 0.457991
0.19 0.457491
0.19 0.456991
0.19 0.456491
0.19 0.455991
0.19 0.455491
0.19 0.454991
0.19 0.454491
0.19 0.453991
0.19 0.453491
0.19 0.452991
0.19 0.452491
0.19 0.451991
0.19 0.451491
0.19 0.450991
0.19 0.450491
0.19 0.449991
0.19 0.449491
0.19 0.448991
0.19 0.448491
0.19 0.447991
0.19 0.447491
0.19 0.446991
0.19 0.446491
0.19 0.445991
0.19 0.445491
0.19 0.444991
0.19 0.444491
0.19 0.443991
0.19 0.443491
0.19 0.442991
0.19 0.442491
0.19 0.441991
0.19 0.441491
0.19 0.440991
0.19 0.440491
0.19 0.439991
0.19 0.439491
0.19 0.438991
0.19 0.438491
0.19 0.437991
0.19 0.437491
0.19 0.436991
0.19 0.436491
0.19 0.435991
0.19 0.435491
0.19 0.434991
0.19 0.434491
0.19 0.433991
0.19 0.433491
0.19 0.432991
0.19 0.432491
0.19 0.431991
0.19 0.431491
0.19 0.430991
0.19 0.430491
0.19 0.429991
0.19 0.429491
0.19 0.428991
0.19 0.428491
0.19 0.427991
0.19 0.427491
0.19 0.426991
0.19 0.426491
0.19 0.425991
0.19 0.425491
0.19 0.424991
0.19 0.424491
0.19 0.423991
0.19 0.423491
0.19 0.422991
0.19 0.422491
0.19 0.421991
0.19 0.421491
0.19 0.420991
0.19 0.420491
0.19 0.419991
0.19 0.419491
0.19 0.418991
0.19 0.418491
0.19 0.417991
0.19 0.417491
0.19 0.416991
0.19 0.416491
0.19 0.415991
0.19 0.415491
0.19 0.414991
0.19 0.414491
0.19 0.413991
0.19 0.413491
0.19 0.412991
0.19 0.412491
0.19 0.411991
0.19 0.411491
0.19 0.410991
0.19 0.410491
0.19 0.409991
0.19 0.409491
0.19 0.408991
0.19 0.408491
0.19 0.407991
0.19 0.407491
0.19 0.406991
0.19 0.406491
0.19 0.405991
0.19 0.405491
0.19 0.404991
0.19 0.404491
0.19 0.403991
0.19 0.403491
0.19 0.402991
0.19 0.402491
0.19 0.401991
0.19 0.401491
0.19 0.400991
0.19 0.400491
0.19 0.399991
0.19 0.399491
0.19 0.398991
0.19 0.398492
0.19 0.397992
0.19 0.397492
0.19 0.396992
0.19 0.396492
0.19 0.395992
0.19 0.395492
0.19 0.394992
0.19 0.394492
0.19 0.393992
0.19 0.393492
0.19 0.392992
0.19 0.392492
0.19 0.391992
0.19 0.391492
0.19 0.390992
0.19 0.390492
0.19 0.389992
0.19 0.389492
0.19 0.388992
0.19 0.388492
0.19 0.387992
0.19 0.387492
0.19 0.386992
0.19 0.386492
0.19 0.385992
0.19 0.385492
0.19 0.384992
0.19 0.384492
0.19 0.383992
0.19 0.383492
0.19 0.382992
0.19 0.382492
0.19 0.381992
0.19 0.381492
0.19 0.380992
0.19 0.380492
End
0.185 0.38
0.1845 0.38
0.184 0.38
0.1835 0.38
0.183 0.38
0.1825 0.38
0.182 0.38
0.1815 0.38
0.181 0.38
0.1805 0.38
0.18 0.38
0.1795 0.38
0.179 0.38
0.1785 0.38
0.178 0.38
0.1775 0.38
0.177 0.38
0.1765 0.38
0.176 0.38
0.1755 0.38
0.175 0.38
0.1745 0.38
0.174 0.38
0.1735 0.38
0.173 0.38
0.1725 0.38
0.172 0.38
0.1715 0.38
0.171 0.38
0.1705 0.38
0.17 0.38
0.1695 0.38
0.169 0.38
0.1685 0.38
0.168 0.38
0.1675 0.38
0.167 0.38
0.1665 0.38
0.166 0.38
0.1655 0.38
0.165 0.38
0.1645 0.38
0.164 0.38
0.1635 0.38
0.163 0.38
0.1625 0.38
0.162 0.38
0.1615 0.38
0.161 0.38
0.1605 0.38
0.16 0.38
0.1595 0.38
0.159 0.38
0.1585 0.38
0.158 0.38
0.1575 0.38
0.157 0.38
0.1565 0.38
0.156 0.38
0.1555 0.38
0.155 0.38
0.1545 0.38
0.154 0.38
0.1535 0.38
0.153 0.38
0.1525 0.38
0.152 0.38
0.1515 0.38
0.151 0.38
0.1505 0.38
0.15 0.38
0.1495 0.38
0.149 0.38
0.1485 0.38
0.148 0.38
0.1475 0.38
0.147 0.38
0.1465 0.38
0.146001 0.38
0.145501 0.38
0.145001 0.38
0.144501 0.38
0.144001 0.38
0.143501 0.38
0.143001 0.38
0.142501 0.38
0.142001 0.38
0.141501 0.38
0.141001 0.38
0.140501 0.38
0.140001 0.38
0.139501 0.38
0.139001 0.38
0.138501 0.38
0.138001 0.38
0.137501 0.38
0.137001 0.38
0.136501 0.38
0.136001 0.38
0.135501 0.38
0.135001 0.38
0.134501 0.38
0.134001 0.38
0.133501 0.38
0.133001 0.38
0.132501 0.38
0.132001 0.38
0.131501 0.38
0.131001 0.38
0.130501 0.38
0.130001 0.38
0.129501 0.38
0.129001 0.38
0.128501 0.38
0.128001 0.38
0.127501 0.38
0.127001 0.38
0.126501 0.38
0.126001 0.38
0.125501 0.38
0.125001 0.38
0.124501 0.38
0.124001 0.38
0.123501 0.38
0.123001 0.38
0.122501 0.38
0.122001 0.38
0.121501 0.38
0.121001 0.38
0.120501 0.38
0.120001 0.38
0.119501 0.38
0.119001 0.38
0.118501 0.38
0.118001 0.38
0.117501 0.38
0.117001 0.38
0.116501 0.38
0.116001 0.38
0.115501 0.38
0.115001 0.38
0.114501 0.38
0.114001 0.38
0.113501 0.38
0.113001 0.38
0.112501 0.38
0.112001 0.38
0.111501 0.38
0.111001 0.38
0.110501 0.38
0.110001 0.38
0.109501 0.38
0.109001 0.38
0.108501 0.38
0.108001 0.38
0.107501 0.38
0.107001 0.38
0.106501 0.38
0.106001 0.38
0.105501 0.38
0.105001 0.38
0.104501 0.38
0.104001 0.38
0.103501 0.38
0.103001 0.38
0.102501 0.38
0.102001 0.38
0.101501 0.38
0.101001 0.38
0.100501 0.38
0.100001 0.38
0.0995007 0.38
0.0990007 0.38
0.0985007 0.38
0.0980007 0.38
0.0975007 0.38
0.0970007 0.38
0.0965007 0.38
0.0960007 0.38
0.0955007 0.38
0.0950007 0.38
0.0945007 0.38
0.0940007 0.38
0.0935007 0.38
0.0930007 0.38
0.0925007 0.38
0.0920007 0.38
0.0915007 0.38
0.0910007 0.38
0.0905007 0.38
0.0900007 0.38
0.0895007 0.38
0.0890007 0.38
0.0885007 0.38
0.0880007 0.38
0.0875007 0.38
0.0870007 0.38
0.0865007 0.38
0.0860007 0.38
0.0855007 0.38
0.0850007 0.38
0.0845007 0.38
0.0840007 0.38
0.0835007 0.38
0.0830007 0.38
0.0825007 0.38
0.0820007 0.38
0.0815007 0.38
0.0810007 0.38
0.0805007 0.38
0.0800007 0.38
0.0795007 0.38
0.0790007 0.38
0.0785007 0.38
0.0780007 0.38
0.0775007 0.38
0.0770007 0.38
0.0765007 0.38
0.0760007 0.38
0.0755007 0.38
0.0750007 0.38
0.0745007 0.38
0.0740007 0.38
0.0735007 0.38
0.0730007 0.38
0.0725007 0.38
0.0720007 0.38
0.0715007 0.38
0.0710007 0.38
0.0705007 0.38
0.0700007 0.38
0.0695007 0.38
0.0690007 0.38
0.0685007 0.38
0.0680007 0.38
0.0675007 0.38
0.0670007 0.38
0.0665007 0.38
0.0660007 0.38
0.0655007 0.38
0.0650007 0.38
0.0645007 0.38
0.0640007 0.38
0.0635007 0.38
0.0630006 0.38
0.0625006 0.38
0.0620006 0.38
0.0615006 0.38
0.0610006 0.38
0.0605006 0.38
0.0600006 0.38
0.0595006 0.38
0.0590006 0.38
0.0585006 0.38
0.0580006 0.38
0.0575006 0.38
0.0570006 0.38
0.0565006 0.38
0.0560006 0.38
0.0555006 0.38
0.0550006 0.38
0.0545006 0.38
0.0540006 0.38
0.0535006 0.38
0.0530006 0.38
0.0525006 0.38
0.0520006 0.38
0.0515006 0.38
0.0510006 0.38
0.0505006 0.38
0.0500006 0.38
0.0495006 0.38
0.0490006 0.38
0.0485006 0.38
0.0480006 0.38
0.0475006 0.38
0.0470006 0.38
0.0465006 0.38
0.0460006 0.38
0.0455006 0.38
0.0450006 0.38
0.0445006 0.38
0.0440006 0.38
0.0435006 0.38
0.0430006 0.38
0.0425006 0.38
0.0420006 0.38
0.0415006 0.38
0.0410006 0.38
0.0405006 0.38
0.0400006 0.38
0.0395006 0.38
0.0390006 0.38
0.0385006 0.38
0.0380006 0.38
0.0375006 0.38
0.0370006 0.38
0.0365006 0.38
0.0360006 0.38
0.0355006 0.38
0.0350006 0.38
0.0345006 0.38
0.0340006 0.38
0.0335006 0.38
0.0330006 0.38
0.0325006 0.38
0.0320006 0.38
0.0315006 0.38
0.0310006 0.38
0.0305006 0.38
0.0300006 0.38
0.0295006 0.38
0.0290006 0.38
0.0285006 0.38
0.0280006 0.38
0.0275006 0.38
0.0270006 0.38
0.0265006 0.38
0.0260006 0.38
0.0255006 0.38
0.0250006 0.38
0.0245006 0.38
0.0240006 0.38
0.0235006 0.38
0.0230006 0.38
0.0225006 0.38
0.0220006 0.38
0.0215006 0.38
0.0210006 0.38
0.0205006 0.38
0.0200006 0.38
0.0195006 0.38
0.0190006 0.38
0.0185006 0.38
0.0180006 0.38
0.0175006 0.38
0.0170006 0.38
0.0165006 0.38
0.0160006 0.38
0.0155006 0.38
0.0150006 0.38
0.0145006 0.38
0.0140006 0.38
0.0135006 0.38
0.0130006 0.38
0.0125006 0.38
0.0120006 0.38
0.0115006 0.38
0.0110006 0.38
0.0105006 0.38
0.0100006 0.38
0.00950061 0.38
0.00900061 0.38
0.00850061 0.38
0.00800061 0.38
0.00750061 0.38
0.00700061 0.38
0.00650061 0.38
0.00600061 0.38
0.00550061 0.38
0.00500061 0.38
0.00450061 0.38
0.00400061 0.38
0.00350061 0.38
0.00300061 0.38
0.00250061 0.38
0.00200061 0.38
0.00150061 0.38
0.00100061 0.38
0.000500609 0.38
6.09458e-07 0.38
-0.000499391 0.38
-0.00099939 0.38
-0.00149939 0.38
-0.00199939 0.38
-0.00249939 0.38
-0.00299939 0.38
-0.00349939 0.38
-0.00399939 0.38
-0.00449939 0.38
-0.00499939 0.38
-0.00549939 0.38
-0.00599939 0.38
-0.00649939 0.38
-0.00699939 0.38
-0.00749939 0.38
-0.00799939 0.38
-0.00849939 0.38
-0.00899939 0.38
-0.00949939 0.38
-0.00999939 0.38
-0.0104994 0.38
-0.0109994 0.38
-0.0114994 0.38
-0.0119994 0.38
-0.0124994 0.38
-0.0129994 0.38
-0.0134994 0.38
-0.0139994 0.38
-0.0144994 0.38
-0.0149994 0.38
-0.0154994 0.38
-0.0159994 0.38
-0.0164994 0.38
-0.0169994 0.38
-0.0174994 0.38
-0.0179994 0.38
-0.0184994 0.38
-0.0189994 0.38
-0.0194994 0.38
-0.0199994 0.38
-0.0204994 0.38
-0.0209994 0.38
-0.0214994 0.38
-0.0219994 0.38
-0.0224994 0.38
-0.0229994 0.38
-0.0234994 0.38
-0.0239994 0.38
-0.0244994 0.38
-0.0249994 0.38
-0.0254994 0.38
-0.0259994 0.38
-0.0264994 0.38
-0.0269994 0.38
-0.0274994 0.38
-0.0279994 0.38
-0.0284994 0.38
-0.0289994 0.38
-0.0294994 0.38
-0.0299994 0.38
-0.0304994 0.38
-0.0309994 0.38
-0.0314994 0.38
-0.0319994 0.38
-0.0324994 0.38
-0.0329994 0.38
-0.0334994 0.38
-0.0339994 0.38
-0.0344994 0.38
-0.0349994 0.38
-0.0354994 0.38
-0.0359994 0.38
-0.0364994 0.38
-0.0369994 0.38
-0.0374994 0.38
-0.0379994 0.38
-0.0384994 0.38
-0.0389994 0.38
-0.0394994 0.38
-0.0399994 0.38
-0.0404994 0.38
-0.0409994 0.38
-0.0414994 0.38
-0.0419994 0.38
-0.0424994 0.38
-0.0429994 0.38
-0.0434994 0.38
-0.0439994 0.38
-0.0444994 0.38
-0.0449994 0.38
-0.0454994 0.38
-0.0459994 0.38
-0.0464994 0.38
-0.0469994 0.38
-0.0474994 0.38
-0.0479994 0.38
-0.0484994 0.38
-0.0489994 0.38
-0.0494994 0.38
-0.0499994 0.38
-0.0504994 0.38
-0.0509994 0.38
-0.0514994 0.38
-0.0519994 0.38
-0.0524994 0.38
-0.0529994 0.38
-0.0534994 0.38
-0.0539994 0.38
-0.0544994 0.38
-0.0549994 0.38
-0.0554994 0.38
-0.0559994 0.38
-0.0564994 0.38
-0.0569994 0.38
-0.0574994 0.38
-0.0579994 0.38
-0.0584994 0.38
-0.0589994 0.38
-0.0594994 0.38
-0.0599994 0.38
-0.0604994 0.38
-0.0609994 0.38
-0.0614994 0.38
-0.0619994 0.38
-0.0624994 0.38
-0.0629994 0.38
-0.0634994 0.38
-0.0639994 0.38
-0.0644994 0.38
-0.0649994 0.38
-0.0654994 0.38
-0.0659994 0.38
-0.0664994 0.38
-0.0669994 0.38
-0.0674994 0.38
-0.0679994 0.38
-0.0684994 0.38
-0.0689994 0.38
-0.0694994 0.38
-0.0699994 0.38
-0.0704994 0.38
-0.0709994 0.38
-0.0714994 0.38
-0.0719994 0.38
-0.0724994 0.38
-0.0729994 0.38
-0.0734994 0.38
-0.0739994 0.38
-0.0744995 0.38
-0.0749995 0.38
-0.0754995 0.38
-0.0759995 0.38
-0.0764995 0.38
-0.0769995 0.38
-0.0774995 0.38
-0.0779995 0.38
-0.0784995 0.38
-0.0789995 0.38
-0.0794995 0.38
-0.0799995 0.38
-0.0804995 0.38
-0.0809995 0.38
-0.0814995 0.38
-0.0819995 0.38
-0.0824995 0.38
-0.0829995 0.38
-0.0834995 0.38
-0.0839995 0.38
-0.0844995 0.38
-0.0849995 0.38
-0.0854995 0.38
-0.0859995 0.38
-0.0864995 0.38
-0.0869995 0.38
-0.0874995 0.38
-0.0879995 0.38
-0.0884995 0.38
-0.0889995 0.38
-0.0894995 0.38
-0.0899995 0.38
-0.0904995 0.38
-0.0909995 0.38
-0.0914995 0.38
-0.0919995 0.38
-0.0924995 0.38
-0.0929995 0.38
-0.0934995 0.38
-0.0939995 0.38
-0.0944995 0.38
-0.0949995 0.38
-0.0954995 0.38
-0.0959995 0.38
-0.0964995 0.38
-0.0969995 0.38
-0.0974995 0.38
-0.0979995 0.38
-0.0984995 0.38
-0.0989995 0.38
-0.0994995 0.38
-0.0999995 0.38
-0.1005 0.38
-0.101 0.38
-0.1015 0.38
-0.102 0.38
-0.1025 0.38
-0.103 0.38
-0.1035 0.38
-0.104 0.38
-0.1045 0.38
-0.105 0.38
-0.1055 0.38
-0.106 0.38
-0.1065 0.38
-0.107 0.38
-0.1075 0.38
-0.108 0.38
-0.1085 0.38
-0.109 0.38
-0.1095 0.38
-0.11 0.38
-0.1105 0.38
-0.111 0.38
-0.1115 0.38
-0.112 0.38
-0.1125 0.38
-0.113 0.38
-0.1135 0.38
-0.114 0.38
-0.1145 0.38
-0.115 0.38
-0.1155 0.38
-0.116 0.38
-0.1165 0.38
-0.117 0.38
-0.1175 0.38
-0.118 0.38
-0.1185 0.38
-0.119 0.38
-0.1195 0.38
-0.12 0.38
-0.1205 0.38
-0.121 0.38
-0.1215 0.38
-0.122 0.38
-0.1225 0.38
-0.123 0.38
-0.1235 0.38
-0.124 0.38
-0.1245 0.38
-0.125 0.38
-0.1255 0.38
-0.126 0.38
-0.1265 0.38
-0.127 0.38
-0.1275 0.38
-0.128 0.38
-0.1285 0.38
-0.129 0.38
-0.129499 0.38
-0.129999 0.38
-0.130499 0.38
-0.130999 0.38
-0.131499 0.38
-0.131999 0.38
-0.132499 0.38
-0.132999 0.38
-0.133499 0.38
-0.133999 0.38
-0.134499 0.38
-0.134999 0.38
-0.135499 0.38
-0.135999 0.38
-0.136499 0.38
-0.136999 0.38
-0.137499 0.38
-0.137999 0.38
-0.138499 0.38
-0.138999 0.38
-0.139499 0.38
-0.139999 0.38
-0.140499 0.38
-0.140999 0.38
-0.141499 0.38
-0.141999 0.38
-0.142499 0.38
-0.142999 0.38
-0.143499 0.38
-0.143999 0.38
-0.144499 0.38
-0.144999 0.38
-0.145499 0.38
-0.145999 0.38
-0.146499 0.38
-0.146999 0.38
-0.147499 0.38
-0.147999 0.38
-0.148499 0.38
-0.148999 0.38
-0.149499 0.38
-0.149999 0.38
-0.150499 0.38
-0.150999 0.38
-0.151499 0.38
-0.151999 0.38
-0.152499 0.38
-0.152999 0.38
-0.153499 0.38
-0.153999 0.38
-0.154499 0.38
-0.154999 0.38
-0.155499 0.38
-0.155999 0.38
-0.156499 0.38
-0.156999 0.38
-0.157499 0.38
-0.157999 0.38
-0.158499 0.38
-0.158999 0.38
-0.159499 0.38
-0.159999 0.38
-0.160499 0.38
-0.160999 0.38
-0.161499 0.38
-0.161999 0.38
-0.162499 0.38
-0.162999 0.38
-0.163499 0.38
-0.163999 0.38
-0.164499 0.38
-0.164999 0.38
-0.165499 0.38
-0.165999 0.38
-0.166499 0.38
-0.166999 0.38
-0.167499 0.38
-0.167999 0.38
-0.168499 0.38
-0.168999 0.38
-0.169499 0.38
-0.169999 0.38
-0.170499 0.38
-0.170999 0.38
-0.171499 0.38
-0.171999 0.38
-0.172499 0.38
-0.172999 0.38
-0.173499 0.38
-0.173999 0.38
-0.174499 0.38
-0.174999 0.38
-0.175499 0.38
-0.175999 0.38
-0.176499 0.38
-0.176999 0.38
-0.177499 0.38
-0.177999 0.38
-0.178499 0.38
-0.178999 0.38
-0.179499 0.38
-0.179999 0.38
End
-0.18 0.38
-0.18 0.3805
-0.18 0.381
-0.18 0.3815
-0.18 0.382
-0.18 0.3825
-0.18 0.383
-0.18 0.3835
-0.18 0.384
-0.18 0.3845
-0.18 0.385
-0.18 0.3855
-0.18 0.386
-0.18 0.3865
-0.18 0.387
-0.18 0.3875
-0.18 0.388
-0.18 0.3885
-0.18 0.389
-0.18 0.3895
-0.18 0.39
-0.18 0.3905
-0.18 0.391
-0.18 0.3915
-0.18 0.392
-0.18 0.3925
-0.18 0.393
-0.18 0.3935
-0.18 0.394
-0.18 0.3945
-0.18 0.395
-0.18 0.3955
-0.18 0.396
-0.18 0.3965
-0.18 0.397
-0.18 0.3975
-0.18 0.398
-0.18 0.3985
-0.18 0.399
-0.18 0.3995
-0.18 0.4
-0.18 0.4005
-0.18 0.401
-0.18 0.4015
-0.18 0.402
-0.18 0.4025
-0.18 0.403
-0.18 0.4035
-0.18 0.404
-0.18 0.4045
-0.18 0.405
-0.18 0.4055
-0.18 0.406
-0.18 0.4065
-0.18 0.407
-0.18 0.4075
-0.18 0.408
-0.18 0.4085
-0.18 0.409
-0.18 0.4095
-0.18 0.41
-0.18 0.4105
-0.18 0.411
-0.18 0.4115
-0.18 0.412
-0.18 0.4125
-0.18 0.413
-0.18 0.4135
-0.18 0.414
-0.18 0.4145
-0.18 0.415
-0.18 0.4155
-0.18 0.416
-0.18 0.4165
-0.18 0.417
-0.18 0.4175
-0.18 0.418
-0.18 0.418499
-0.18 0.418999
-0.18 0.419499
-0.18 0.419999
-0.18 0.420499
-0.18 0.420999
-0.18 0.421499
-0.18 0.421999
-0.18 0.422499
-0.18 0.422999
-0.18 0.423499
-0.18 0.423999
-0.18 0.424499
-0.18 0.424999
-0.18 0.425499
-0.18 0.425999
-0.18 0.426499
-0.18 0.426999
-0.18 0.427499
-0.18 0.427999
-0.18 0.428499
-0.18 0.428999
-0.18 0.429499
-0.18 0.429999
-0.18 0.430499
-0.18 0.430999
-0.18 0.431499
-0.18 0.431999
-0.18 0.432499
-0.18 0.432999
-0.18 0.433499
-0.18 0.433999
-0.18 0.434499
-0.18 0.434999
-0.18 0.435499
-0.18 0.435999
-0.18 0.436499
-0.18 0.436999
-0.18 0.437499
-0.18 0.437999
-0.18 0.438499
-0.18 0.438999
-0.18 0.439499
-0.18 0.439999
-0.18 0.440499
-0.18 0.440999
-0.18 0.441499
-0.18 0.441999
-0.18 0.442499
-0.18 0.442999
-0.18 0.443499
-0.18 0.443999
-0.18 0.444499
-0.18 0.444999
-0.18 0.445499
-0.18 0.445999
-0.18 0.446499
-0.18 0.446999
-0.18 0.447499
-0.18 0.447999
-0.18 0.448499
-0.18 0.448999
-0.18 0.449499
-0.18 0.449999
-0.18 0.450499
-0.18 0.450999
-0.18 0.451499
-0.18 0.451999
-0.18 0.452499
-0.18 0.452999
-0.18 0.453499
-0.18 0.453999
-0.18 0.454499
-0.18 0.454999
-0.18 0.455499
-0.18 0.455999
-0.18 0.456499
-0.18 0.456999
-0.18 0.457499
-0.18 0.457999
-0.18 0.458499
-0.18 0.458999
-0.18 0.459499
-0.18 0.459999
-0.18 0.460499
-0.18 0.460999
-0.18 0.461499
-0.18 0.461999
-0.18 0.462499
-0.18 0.462999
-0.18 0.463499
-0.18 0.463999
-0.18 0.464499
-0.18 0.464999
-0.18 0.465499
-0.18 0.465999
-0.18 0.466499
-0.18 0.466999
-0.18 0.467499
-0.18 0.467999
-0.18 0.468499
-0.18 0.468999
-0.18 0.469499
-0.18 0.469999
-0.18 0.470499
-0.18 0.470999
-0.18 0.471499
-0.18 0.471999
-0.18 0.472499
-0.18 0.472999
-0.18 0.473499
-0.18 0.473999
-0.18 0.474499
-0.18 0.474999
-0.18 0.475499
-0.18 0.475999
-0.18 0.476499
-0.18 0.476999
-0.18 0.477499
-0.18 0.477999
-0.18 0.478499
-0.18 0.478999
-0.18 0.479499
-0.18 0.479999
-0.18 0.480499
-0.18 0.480999
-0.18 0.481499
-0.18 0.481999
-0.18 0.482499
-0.18 0.482999
-0.18 0.483499
-0.18 0.483999
-0.18 0.484499
-0.18 0.484999
-0.18 0.485499
-0.18 0.485999
-0.18 0.486499
-0.18 0.486999
-0.18 0.487499
-0.18 0.487999
-0.18 0.488499
-0.18 0.488999
-0.18 0.489499
-0.18 0.489999
-0.18 0.490499
-0.18 0.490999
-0.18 0.491499
-0.18 0.491999
-0.18 0.492499
-0.18 0.492999
-0.18 0.493499
-0.18 0.493999
-0.18 0.494499
-0.18 0.494999
-0.18 0.495499
-0.18 0.495999
-0.18 0.496498
-0.18 0.496998
-0.18 0.497498
-0.18 0.497998
-0.18 0.498498
-0.18 0.498998
-0.18 0.499498
-0.18 0.499998
-0.18 0.500498
-0.18 0.500998
-0.18 0.501499
-0.18 0.501999
-0.18 0.502499
-0.18 0.502999
-0.18 0.503499
-0.18 0.503999
-0.18 0.504499
-0.18 0.504999
-0.18 0.505499
-0.18 0.505999
-0.18 0.506499
-0.18 0.506999
-0.18 0.507499
-0.18 0.507999
-0.18 0.508499
-0.18 0.508999
-0.18 0.509499
-0.18 0.509999
-0.18 0.510499
-0.18 0.510999
-0.18 0.511499
-0.18 0.511999
-0.18 0.512499
-0.18 0.512999
-0.18 0.513499
-0.18 0.513999
-0.18 0.514499
-0.18 0.514999
-0.18 0.515499
-0.18 0.515999
-0.18 0.516499
-0.18 0.516999
-0.18 0.517499
-0.18 0.517999
-0.18 0.518499
-0.18 0.518999
-0.18 0.519499
-0.18 0.519999
-0.18 0.520499
-0.18 0.520999
-0.18 0.521499
-0.18 0.521999
-0.18 0.5225
-0.18 0.523
-0.18 0.5235
-0.18 0.524
-0.18 0.5245
-0.18 0.525
-0.18 0.5255
-0.18 0.526
-0.18 0.5265
-0.18 0.527
-0.18 0.5275
-0.18 0.528
-0.18 0.5285
-0.18 0.529
-0.18 0.5295
-0.18 0.53
-0.18 0.5305
-0.18 0.531
-0.18 0.5315
-0.18 0.532
-0.18 0.5325
-0.18 0.533
-0.18 0.5335
-0.18 0.534
-0.18 0.5345
-0.18 0.535
-0.18 0.5355
-0.18 0.536
-0.18 0.5365
-0.18 0.537
-0.18 0.5375
-0.18 0.538
-0.18 0.5385
-0.18 0.539
-0.18 0.5395
-0.18 0.54
-0.18 0.5405
-0.18 0.541
-0.18 0.5415
-0.18 0.542
-0.18 0.5425
-0.18 0.543
-0.18 0.5435
-0.18 0.544001
-0.18 0.544501
-0.18 0.545001
-0.18 0.545501
-0.18 0.546001
-0.18 0.546501
-0.18 0.547001
-0.18 0.547501
-0.18 0.548001
-0.18 0.548501
-0.18 0.549001
-0.18 0.549501
-0.18 0.550001
-0.18 0.550501
-0.18 0.551001
-0.18 0.551501
-0.18 0.552001
-0.18 0.552501
-0.18 0.553001
-0.18 0.553501
-0.18 0.554001
-0.18 0.554501
-0.18 0.555001
-0.18 0.555501
-0.18 0.556001
-0.18 0.556501
-0.18 0.557001
-0.18 0.557501
-0.18 0.558001
-0.18 0.558501
-0.18 0.559001
-0.18 0.559501
-0.18 0.560001
-0.18 0.560501
-0.18 0.561001
-0.18 0.561501
-0.18 0.562001
-0.18 0.562501
-0.18 0.563001
-0.18 0.563501
-0.18 0.564001
-0.18 0.564501
-0.18 0.565001
-0.18 0.565502
-0.18 0.566002
-0.18 0.566502
-0.18 0.567002
-0.18 0.567502
-0.18 0.568002
-0.18 0.568502
-0.18 0.569002
-0.18 0.569502
-0.18 0.570002
-0.18 0.570502
-0.18 0.571002
-0.18 0.571502
-0.18 0.572002
-0.18 0.572502
-0.18 0.573002
-0.18 0.573502
-0.18 0.574002
-0.18 0.574502
-0.18 0.575002
-0.18 0.575502
-0.18 0.576002
-0.18 0.576502
-0.18 0.577002
-0.18 0.577502
-0.18 0.578002
-0.18 0.578502
-0.18 0.579002
-0.18 0.579502
-0.18 0.580002
-0.18 0.580502
-0.18 0.581002
-0.18 0.581502
-0.18 0.582002
-0.18 0.582502
-0.18 0.583002
-0.18 0.583502
-0.18 0.584002
-0.18 0.584502
-0.18 0.585002
-0.18 0.585502
-0.18 0.586002
-0.18 0.586502
-0.18 0.587003
-0.18 0.587503
-0.18 0.588003
-0.18 0.588503
-0.18 0.589003
-0.18 0.589503
-0.18 0.590003
-0.18 0.590503
-0.18 0.591003
-0.18 0.591503
-0.18 0.592003
-0.18 0.592503
-0.18 0.593003
-0.18 0.593503
-0.18 0.594003
-0.18 0.594503
-0.18 0.595003
-0.18 0.595503
-0.18 0.596003
-0.18 0.596503
-0.18 0.597003
-0.18 0.597503
-0.18 0.598003
-0.18 0.598503
-0.18 0.599003
-0.18 0.599503
-0.18 0.600003
-0.18 0.600503
-0.18 0.601003
-0.18 0.601503
-0.18 0.602003
-0.18 0.602503
-0.18 0.603003
-0.18 0.603503
-0.18 0.604003
-0.18 0.604503
-0.18 0.605003
-0.18 0.605503
-0.18 0.606003
-0.18 0.606503
-0.18 0.607003
-0.18 0.607503
-0.18 0.608003
-0.18 0.608504
-0.18 0.609004
-0.18 0.609504
-0.18 0.610004
-0.18 0.610504
-0.18 0.611004
-0.18 0.611504
-0.18 0.612004
-0.18 0.612504
-0.18 0.613004
-0.18 0.613504
-0.18 0.614004
-0.18 0.614504
-0.18 0.615004
-0.18 0.615504
-0.18 0.616004
-0.18 0.616504
-0.18 0.617004
-0.18 0.617504
-0.18 0.618004
-0.18 0.618504
-0.18 0.619004
-0.18 0.619504
-0.18 0.620004
-0.18 0.620504
-0.18 0.621004
-0.18 0.621504
-0.18 0.622004
-0.18 0.622504
-0.18 0.623004
-0.18 0.623504
-0.18 0.624004
-0.18 0.624504
-0.18 0.625004
-0.18 0.625504
-0.18 0.626004
-0.18 0.626504
-0.18 0.627004
-0.18 0.627504
-0.18 0.628004
-0.18 0.628504
-0.18 0.629004
-0.18 0.629505
-0.18 0.630005
-0.18 0.630505
-0.18 0.631005
-0.18 0.631505
-0.18 0.632005
-0.18 0.632505
-0.18 0.633005
-0.18 0.633505
-0.18 0.634005
-0.18 0.634505
-0.18 0.635005
-0.18 0.635505
-0.18 0.636005
-0.18 0.636505
-0.18 0.637005
-0.18 0.637505
-0.18 0.638005
-0.18 0.638505
-0.18 0.639005
-0.18 0.639505
-0.18 0.640005
-0.18 0.640505
-0.18 0.641005
-0.18 0.641505
-0.18 0.642005
-0.18 0.642505
-0.18 0.643005
-0.18 0.643505
-0.18 0.644005
-0.18 0.644505
-0.18 0.645005
-0.18 0.645505
-0.18 0.646005
-0.18 0.646505
-0.18 0.647005
-0.18 0.647505
-0.18 0.648005
-0.18 0.648505
-0.18 0.649005
-0.18 0.649505
-0.18 0.650005
-0.18 0.650505
-0.18 0.651006
-0.18 0.651506
-0.18 0.652006
-0.18 0.652506
-0.18 0.653006
-0.18 0.653506
-0.18 0.654006
-0.18 0.654506
-0.18 0.655006
-0.18 0.655506
-0.18 0.656006
-0.18 0.656506
-0.18 0.657006
-0.18 0.657506
-0.18 0.658006
-0.18 0.658506
-0.18 0.659006
-0.18 0.659506
-0.18 0.660006
-0.18 0.660506
-0.18 0.661006
-0.18 0.661506
-0.18 0.662006
-0.18 0.662506
-0.18 0.663006
-0.18 0.663506
-0.18 0.664006
-0.18 0.664506
-0.18 0.665006
-0.18 0.665506
-0.18 0.666006
-0.18 0.666506
-0.18 0.667006
-0.18 0.667506
-0.18 0.668006
-0.18 0.668506
-0.18 0.669006
-0.18 0.669506
-0.18 0.670006
-0.18 0.670506
-0.18 0.671006
-0.18 0.671506
-0.18 0.672006
-0.18 0.672507
-0.18 0.673007
-0.18 0.673507
-0.18 0.674007
-0.18 0.674507
-0.18 0.675007
-0.18 0.675507
-0.18 0.676007
-0.18 0.676507
-0.18 0.677007
-0.18 0.677507
-0.18 0.678007
-0.18 0.678507
-0.18 0.679007
-0.18 0.679507
-0.18 0.680007
-0.18 0.680507
-0.18 0.681007
-0.18 0.681507
-0.18 0.682007
-0.18 0.682507
-0.18 0.683007
-0.18 0.683507
-0.18 0.684007
-0.18 0.684507
-0.18 0.685007
-0.18 0.685507
-0.18 0.686007
-0.18 0.686507
-0.18 0.687007
-0.18 0.687507
-0.18 0.688007
-0.18 0.688507
-0.18 0.689007
-0.18 0.689507
-0.18 0.690007
-0.18 0.690507
-0.18 0.691007
-0.18 0.691507
-0.18 0.692007
-0.18 0.692507
-0.18 0.693007
-0.18 0.693507
-0.18 0.694008
-0.18 0.694508
-0.18 0.695008
-0.18 0.695508
-0.18 0.696008
-0.18 0.696508
-0.18 0.697008
-0.18 0.697508
-0.18 0.698008
-0.18 0.698508
-0.18 0.699008
-0.18 0.699508
-0.18 0.700008
-0.18 0.700508
-0.18 0.701008
-0.18 0.701508
-0.18 0.702008
-0.18 0.702508
-0.18 0.703008
-0.18 0.703508
-0.18 0.704008
-0.18 0.704508
-0.18 0.705008
-0.18 0.705508
-0.18 0.706008
-0.18 0.706508
-0.18 0.707008
-0.18 0.707508
-0.18 0.708008
-0.18 0.708508
-0.18 0.709008
-0.18 0.709508
End
-0.18 0.71
-0.1795 0.71
-0.179 0.71
-0.1785 0.71
-0.178 0.71
-0.1775 0.71
-0.177 0.71
-0.1765 0.71
-0.176 0.71
-0.1755 0.71
-0.175 0.71
-0.1745 0.71
-0.174 0.71
-0.1735 0.71
-0.173 0.71
-0.1725 0.71
-0.172 0.71
-0.1715 0.71
-0.171 0.71
-0.1705 0.71
-0.17 0.71
-0.1695 0.71
-0.169 0.71
-0.1685 0.71
-0.168 0.71
-0.1675 0.71
-0.167 0.71
-0.1665 0.71
-0.166 0.71
-0.1655 0.71
-0.165 0.71
-0.1645 0.71
-0.164 0.71
-0.1635 0.71
-0.163 0.71
-0.1625 0.71
-0.162 0.71
-0.1615 0.71
-0.161 0.71
-0.1605 0.71
-0.16 0.71
-0.1595 0.71
-0.159 0.71
-0.1585 0.71
-0.158 0.71
-0.1575 0.71
-0.157 0.71
-0.1565 0.71
-0.156 0.71
-0.1555 0.71
-0.155 0.71
-0.1545 0.71
-0.154 0.71
-0.1535 0.71
-0.153 0.71
-0.1525 0.71
-0.152 0.71
-0.1515 0.71
-0.151 0.71
-0.1505 0.71
-0.15 0.71
-0.1495 0.71
-0.149 0.71
-0.1485 0.71
-0.148 0.71
-0.1475 0.71
-0.147 0.71
-0.1465 0.71
-0.146 0.71
-0.1455 0.71
-0.145 0.71
-0.1445 0.71
-0.144 0.71
-0.1435 0.71
-0.143 0.71
-0.1425 0.71
-0.142 0.71
-0.141501 0.71
-0.141001 0.71
-0.140501 0.71
-0.140001 0.71
-0.139501 0.71
-0.139001 0.71
-0.138501 0.71
-0.138001 0.71
-0.137501 0.71
-0.137001 0.71
-0.136501 0.71
-0.136001 0.71
-0.135501 0.71
-0.135001 0.71
-0.134501 0.71
-0.134001 0.71
-0.133501 0.71
-0.133001 0.71
-0.132501 0.71
-0.132001 0.71
-0.131501 0.71
-0.131001 0.71
-0.130501 0.71
-0.130001 0.71
-0.129501 0.71
-0.129001 0.71
-0.128501 0.71
-0.128001 0.71
-0.127501 0.71
-0.127001 0.71
-0.126501 0.71
-0.126001 0.71
-0.125501 0.71
-0.125001 0.71
-0.124501 0.71
-0.124001 0.71
-0.123501 0.71
-0.123001 0.71
-0.122501 0.71
-0.122001 0.71
-0.121501 0.71
-0.121001 0.71
-0.120501 0.71
-0.120001 0.71
-0.119501 0.71
-0.119001 0.71
-0.118501 0.71
-0.118001 0.71
-0.117501 0.71
-0.117001 0.71
-0.116501 0.71
-0.116001 0.71
-0.115501 0.71
-0.115001 0.71
-0.114501 0.71
-0.114001 0.71
-0.113501 0.71
-0.113001 0.71
-0.112501 0.71
-0.112001 0.71
-0.111501 0.71
-0.111001 0.71
-0.110501 0.71
-0.110001 0.71
-0.109501 0.71
-0.109001 0.71
-0.108501 0.71
-0.108001 0.71
-0.107501 0.71
-0.107001 0.71
-0.106501 0.71
-0.106001 0.71
-0.105501 0.71
-0.105001 0.71
-0.104501 0.71
-0.104001 0.71
-0.103501 0.71
-0.103001 0.71
-0.102501 0.71
-0.102001 0.71
-0.101501 0.71
-0.101001 0.71
-0.100501 0.71
-0.100001 0.71
-0.0995007 0.71
-0.0990007 0.71
-0.0985007 0.71
-0.0980007 0.71
-0.0975007 0.71
-0.0970007 0.71
-0.0965007 0.71
-0.0960007 0.71
-0.0955007 0.71
-0.0950007 0.71
-0.0945007 0.71
-0.0940007 0.71
-0.0935007 0.71
-0.0930007 0.71
-0.0925006 0.71
-0.0920006 0.71
-0.0915006 0.71
-0.0910006 0.71
-0.0905006 0.71
-0.0900006 0.71
-0.0895006 0.71
-0.0890006 0.71
-0.0885006 0.71
-0.0880006 0.71
-0.0875006 0.71
-0.0870006 0.71
-0.0865006 0.71
-0.0860006 0.71
-0.0855006 0.71
-0.0850006 0.71
-0.0845006 0.71
-0.0840006 0.71
-0.0835006 0.71
-0.0830006 0.71
-0.0825006 0.71
-0.0820006 0.71
-0.0815006 0.71
-0.0810006 0.71
-0.0805006 0.71
-0.0800006 0.71
-0.0795006 0.71
-0.0790006 0.71
-0.0785006 0.71
-0.0780006 0.71
-0.0775006 0.71
-0.0770006 0.71
-0.0765006 0.71
-0.0760006 0.71
-0.0755006 0.71
-0.0750006 0.71
-0.0745006 0.71
-0.0740006 0.71
-0.0735006 0.71
-0.0730006 0.71
-0.0725006 0.71
-0.0720006 0.71
-0.0715006 0.71
-0.0710006 0.71
-0.0705006 0.71
-0.0700006 0.71
-0.0695006 0.71
-0.0690006 0.71
-0.0685006 0.71
-0.0680006 0.71
-0.0675006 0.71
-0.0670006 0.71
-0.0665006 0.71
-0.0660006 0.71
-0.0655006 0.71
-0.0650006 0.71
-0.0645006 0.71
-0.0640006 0.71
-0.0635006 0.71
-0.0630006 0.71
-0.0625006 0.71
-0.0620006 0.71
-0.0615006 0.71
-0.0610006 0.71
-0.0605006 0.71
-0.0600006 0.71
-0.0595006 0.71
-0.0590006 0.71
-0.0585006 0.71
-0.0580006 0.71
-0.0575006 0.71
-0.0570006 0.71
-0.0565006 0.71
-0.0560006 0.71
-0.0555006 0.71
-0.0550006 0.71
-0.0545006 0.71
-0.0540006 0.71
-0.0535006 0.71
-0.0530006 0.71
-0.0525006 0.71
-0.0520006 0.71
-0.0515006 0.71
-0.0510006 0.71
-0.0505006 0.71
-0.0500006 0.71
-0.0495006 0.71
-0.0490006 0.71
-0.0485006 0.71
-0.0480006 0.71
-0.0475006 0.71
-0.0470006 0.71
-0.0465006 0.71
-0.0460006 0.71
-0.0455006 0.71
-0.0450006 0.71
-0.0445006 0.71
-0.0440006 0.71
-0.0435006 0.71
-0.0430005 0.71
-0.0425005 0.71
-0.0420005 0.71
-0.0415005 0.71
-0.0410005 0.71
-0.0405005 0.71
-0.0400005 0.71
-0.0395005 0.71
-0.0390005 0.71
-0.0385005 0.71
-0.0380005 0.71
-0.0375005 0.71
-0.0370005 0.71
-0.0365005 0.71
-0.0360005 0.71
-0.0355005 0.71
-0.0350005 0.71
-0.0345005 0.71
-0.0340005 0.71
-0.0335005 0.71
-0.0330005 0.71
-0.0325005 0.71
-0.0320005 0.71
-0.0315005 0.71
-0.0310005 0.71
-0.0305005 0.71
-0.0300005 0.71
-0.0295005 0.71
-0.0290005 0.71
-0.0285005 0.71
-0.0280005 0.71
-0.0275005 0.71
-0.0270005 0.71
-0.0265005 0.71
-0.0260005 0.71
-0.0255005 0.71
-0.0250005 0.71
-0.0245005 0.71
-0.0240005 0.71
-0.0235005 0.71
-0.0230005 0.71
-0.0225005 0.71
-0.0220005 0.71
-0.0215005 0.71
-0.0210005 0.71
-0.0205005 0.71
-0.0200005 0.71
-0.0195005 0.71
-0.0190005 0.71
-0.0185005 0.71
-0.0180005 0.71
-0.0175005 0.71
-0.0170006 0.71
-0.0165006 0.71
-0.0160006 0.71
-0.0155006 0.71
-0.0150006 0.71
-0.0145006 0.71
-0.0140006 0.71
-0.0135006 0.71
-0.0130006 0.71
-0.0125006 0.71
-0.0120006 0.71
-0.0115006 0.71
-0.0110006 0.71
-0.0105006 0.71
-0.0100006 0.71
-0.00950055 0.71
-0.00900055 0.71
-0.00850055 0.71
-0.00800055 0.71
-0.00750055 0.71
-0.00700055 0.71
-0.00650055 0.71
-0.00600055 0.71
-0.00550055 0.71
-0.00500055 0.71
-0.00450055 0.71
-0.00400055 0.71
-0.00350055 0.71
-0.00300055 0.71
-0.00250055 0.71
-0.00200055 0.71
-0.00150055 0.71
-0.00100055 0.71
-0.00050055 0.71
-5.49853e-07 0.71
0.00049945 0.71
0.00099945 0.71
0.00149945 0.71
0.00199945 0.71
0.00249945 0.71
0.00299945 0.71
0.00349945 0.71
0.00399945 0.71
0.00449945 0.71
0.00499945 0.71
0.00549945 0.71
0.00599945 0.71
0.00649945 0.71
0.00699945 0.71
0.00749945 0.71
0.00799945 0.71
0.00849945 0.71
0.00899945 0.71
0.00949945 0.71
0.00999945 0.71
0.0104995 0.71
0.0109995 0.71
0.0114995 0.71
0.0119995 0.71
0.0124995 0.71
0.0129995 0.71
0.0134995 0.71
0.0139995 0.71
0.0144995 0.71
0.0149995 0.71
0.0154995 0.71
0.0159995 0.71
0.0164995 0.71
0.0169994 0.71
0.0174994 0.71
0.0179994 0.71
0.0184994 0.71
0.0189994 0.71
0.0194994 0.71
0.0199994 0.71
0.0204994 0.71
0.0209994 0.71
0.0214994 0.71
0.0219994 0.71
0.0224994 0.71
0.0229994 0.71
0.0234994 0.71
0.0239994 0.71
0.0244994 0.71
0.0249994 0.71
0.0254994 0.71
0.0259994 0.71
0.0264994 0.71
0.0269994 0.71
0.0274994 0.71
0.0279994 0.71
0.0284994 0.71
0.0289994 0.71
0.0294994 0.71
0.0299994 0.71
0.0304994 0.71
0.0309994 0.71
0.0314994 0.71
0.0319994 0.71
0.0324994 0.71
0.0329994 0.71
0.0334994 0.71
0.0339994 0.71
0.0344994 0.71
0.0349994 0.71
0.0354994 0.71
0.0359994 0.71
0.0364994 0.71
0.0369994 0.71
0.0374994 0.71
0.0379994 0.71
0.0384994 0.71
0.0389994 0.71
0.0394994 0.71
0.0399994 0.71
0.0404994 0.71
0.0409994 0.71
0.0414994 0.71
0.0419994 0.71
0.0424994 0.71
0.0429995 0.71
0.0434995 0.71
0.0439995 0.71
0.0444995 0.71
0.0449995 0.71
0.0454995 0.71
0.0459995 0.71
0.0464995 0.71
0.0469995 0.71
0.0474995 0.71
0.0479995 0.71
0.0484995 0.71
0.0489995 0.71
0.0494995 0.71
0.0499995 0.71
0.0504995 0.71
0.0509995 0.71
0.0514995 0.71
0.0519995 0.71
0.0524995 0.71
0.0529995 0.71
0.0534995 0.71
0.0539995 0.71
0.0544995 0.71
0.0549995 0.71
0.0554995 0.71
0.0559995 0.71
0.0564995 0.71
0.0569995 0.71
0.0574995 0.71
0.0579995 0.71
0.0584995 0.71
0.0589995 0.71
0.0594995 0.71
0.0599995 0.71
0.0604995 0.71
0.0609995 0.71
0.0614995 0.71
0.0619995 0.71
0.0624995 0.71
0.0629995 0.71
0.0634995 0.71
0.0639995 0.71
0.0644995 0.71
0.0649995 0.71
0.0654995 0.71
0.0659995 0.71
0.0664995 0.71
0.0669995 0.71
0.0674995 0.71
0.0679995 0.71
0.0684995 0.71
0.0689995 0.71
0.0694995 0.71
0.0699995 0.71
0.0704995 0.71
0.0709995 0.71
0.0714995 0.71
0.0719995 0.71
0.0724995 0.71
0.0729995 0.71
0.0734995 0.71
0.0739995 0.71
0.0744995 0.71
0.0749995 0.71
0.0754995 0.71
0.0759995 0.71
0.0764995 0.71
0.0769995 0.71
0.0774995 0.71
0.0779995 0.71
0.0784995 0.71
0.0789995 0.71
0.0794995 0.71
0.0799995 0.71
0.0804995 0.71
0.0809995 0.71
0.0814995 0.71
0.0819995 0.71
0.0824995 0.71
0.0829995 0.71
0.0834995 0.71
0.0839995 0.71
0.0844995 0.71
0.0849995 0.71
0.0854995 0.71
0.0859995 0.71
0.0864995 0.71
0.0869995 0.71
0.0874995 0.71
0.0879995 0.71
0.0884995 0.71
0.0889995 0.71
0.0894995 0.71
0.0899995 0.71
0.0904995 0.71
0.0909995 0.71
0.0914995 0.71
0.0919995 0.71
0.0924995 0.71
0.0929995 0.71
0.0934995 0.71
0.0939995 0.71
0.0944996 0.71
0.0949996 0.71
0.0954996 0.71
0.0959996 0.71
0.0964996 0.71
0.0969996 0.71
0.0974996 0.71
0.0979996 0.71
0.0984996 0.71
0.0989996 0.71
0.0994996 0.71
0.0999996 0.71
0.1005 0.71
0.101 0.71
0.1015 0.71
0.102 0.71
0.1025 0.71
0.103 0.71
0.1035 0.71
0.104 0.71
0.1045 0.71
0.105 0.71
0.1055 0.71
0.106 0.71
0.1065 0.71
0.107 0.71
0.1075 0.71
0.108 0.71
0.1085 0.71
0.109 0.71
0.1095 0.71
0.11 0.71
0.1105 0.71
0.111 0.71
0.1115 0.71
0.112 0.71
0.1125 0.71
0.113 0.71
0.1135 0.71
0.114 0.71
0.1145 0.71
0.115 0.71
0.1155 0.71
0.116 0.71
0.1165 0.71
0.117 0.71
0.1175 0.71
0.118 0.71
0.1185 0.71
0.119 0.71
0.1195 0.71
0.12 0.71
0.1205 0.71
0.121 0.71
0.1215 0.71
0.122 0.71
0.1225 0.71
0.123 0.71
0.1235 0.71
0.124 0.71
0.1245 0.71
0.125 0.71
0.1255 0.71
0.126 0.71
0.1265 0.71
0.127 0.71
0.1275 0.71
0.128 0.71
0.1285 0.71
0.129 0.71
0.1295 0.71
0.13 0.71
0.1305 0.71
0.131 0.71
0.1315 0.71
0.132 0.71
0.1325 0.71
0.133 0.71
0.1335 0.71
0.133999 0.71
0.134499 0.71
0.134999 0.71
0.135499 0.71
0.135999 0.71
0.136499 0.71
0.136999 0.71
0.137499 0.71
0.137999 0.71
0.138499 0.71
0.138999 0.71
0.139499 0.71
0.139999 0.71
0.140499 0.71
0.140999 0.71
0.141499 0.71
0.141999 0.71
0.142499 0.71
0.142999 0.71
0.143499 0.71
0.143999 0.71
0.144499 0.71
0.144999 0.71
0.145499 0.71
0.145999 0.71
0.146499 0.71
0.146999 0.71
0.147499 0.71
0.147999 0.71
0.148499 0.71
0.148999 0.71
0.149499 0.71
0.149999 0.71
0.150499 0.71
0.150999 0.71
0.151499 0.71
0.151999 0.71
0.152499 0.71
0.152999 0.71
0.153499 0.71
0.153999 0.71
0.154499 0.71
0.154999 0.71
0.155499 0.71
0.155999 0.71
0.156499 0.71
0.156999 0.71
0.157499 0.71
0.157999 0.71
0.158499 0.71
0.158999 0.71
0.159499 0.71
0.159999 0.71
0.160499 0.71
0.160999 0.71
0.161499 0.71
0.161999 0.71
0.162499 0.71
0.162999 0.71
0.163499 0.71
0.163999 0.71
0.164499 0.71
0.164999 0.71
0.165499 0.71
0.165999 0.71
0.166499 0.71
0.166999 0.71
0.167499 0.71
0.167999 0.71
0.168499 0.71
0.168999 0.71
0.169499 0.71
0.169999 0.71
0.170499 0.71
0.170999 0.71
0.171499 0.71
0.171999 0.71
0.172499 0.71
0.172999 0.71
0.173499 0.71
0.173999 0.71
0.174499 0.71
0.174999 0.71
0.175499 0.71
0.175999 0.71
0.176499 0.71
0.176999 0.71
0.177499 0.71
0.177999 0.71
0.178499 0.71
0.178999 0.71
0.179499 0.71
0.179999 0.71
0.180499 0.71
0.180999 0.71
0.181499 0.71
0.181999 0.71
0.182499 0.71
0.182999 0.71
0.183499 0.71
0.183999 0.71
0.184499 0.71
0.184999 0.71
0.185499 0.71
0.185999 0.71
0.186499 0.71
0.186999 0.71
0.187499 0.71
0.187999 0.71
0.188499 0.71
0.188999 0.71
0.189499 0.71
0.189999 0.71
End
