479 441
165.996492 194.835564 
165.595118 194.898285 
165.193629 194.960266 
164.791913 195.020756 
164.389863 195.078978 
163.987378 195.134115 
163.584372 195.185297 
163.180776 195.231584 
162.776545 195.271946 
162.371673 195.305241 
161.966204 195.330192 
161.560253 195.345355 
161.154041 195.349092 
160.747930 195.339536 
160.342481 195.314560 
159.938536 195.271755 
159.537308 195.208429 
159.140507 195.121660 
158.750459 195.008402 
158.370212 194.865725 
158.003530 194.691172 
157.654707 194.483205 
157.654707 194.483205 
157.335173 194.248163 
157.038453 193.984879 
156.765293 193.697202 
156.515834 193.388727 
156.289809 193.062674 
156.086714 192.721854 
155.905943 192.368676 
155.746865 192.005203 
155.608900 191.633197 
155.491545 191.254180 
155.394398 190.869485 
155.317175 190.480298 
155.259709 190.087706 
155.221958 189.692730 
155.204002 189.296361 
155.206041 188.899591 
155.228392 188.503448 
155.271482 188.109025 
155.335841 187.717512 
155.422088 187.330185 
155.422088 187.330185 
155.533955 186.936948 
155.666962 186.550337 
155.818355 186.170537 
155.985486 185.797387 
156.165847 185.430439 
156.357046 185.069013 
156.556766 184.712220 
156.762675 184.358958 
156.972301 184.007886 
157.182821 183.657348 
157.390713 183.305249 
157.591099 182.948838 
157.776387 182.584393 
157.933156 182.206936 
158.034442 181.811443 
158.024974 181.404909 
158.024974 181.404909 
157.847202 181.035905 
157.547395 180.754190 
157.189988 180.548600 
156.806041 180.397428 
156.408689 180.285731 
156.004005 180.204261 
155.595139 180.147203 
155.183906 180.110800 
154.771458 180.092594 
154.358608 180.091004 
153.945993 180.105087 
153.534180 180.134412 
153.123741 180.179003 
152.715259 180.239346 
152.715259 180.239346 
152.321352 180.313984 
151.931149 180.406016 
151.545993 180.517260 
151.167595 180.649649 
150.798117 180.805167 
150.440220 180.985713 
150.097086 181.192913 
149.772343 181.427858 
149.469860 181.690817 
149.193408 181.981006 
148.946221 182.296489 
148.730572 182.634321 
148.547519 182.990883 
148.396884 183.362322 
148.277451 183.744956 
148.187272 184.135581 
148.187272 184.135581 
148.123161 184.532735 
148.080103 184.932744 
148.053391 185.334191 
148.039390 185.736290 
148.035193 186.138616 
148.038378 186.540955 
148.046822 186.943220 
148.058546 187.345404 
148.071570 187.747549 
148.083750 188.149720 
148.092555 188.551977 
148.094694 188.954319 
148.085444 189.356547 
148.057197 189.757848 
147.995872 190.155295 
147.870612 190.536669 
147.613430 190.838781 
147.613430 190.838781 
147.222139 190.919967 
146.823847 190.848114 
146.439400 190.719448 
146.063529 190.567257 
145.691942 190.404828 
145.321964 190.238758 
144.951906 190.072866 
144.580672 189.909624 
144.207541 189.750771 
143.832040 189.597608 
143.453872 189.451160 
143.072867 189.312261 
142.688957 189.181609 
142.302152 189.059798 
141.912527 188.947336 
141.520211 188.844658 
141.125378 188.752134 
140.728238 188.670074 
140.329033 188.598735 
139.928031 188.538314 
139.525518 188.488962 
139.121718 188.450766 
139.121718 188.450766 
138.727846 188.424142 
138.333450 188.406883 
137.938778 188.397892 
137.544005 188.396210 
137.149257 188.401000 
136.754619 188.411527 
136.360148 188.427133 
135.965881 188.447227 
135.571834 188.471271 
135.178012 188.498770 
134.784411 188.529265 
134.391017 188.562317 
133.997808 188.597511 
133.604758 188.634439 
133.211835 188.672698 
132.819003 188.711880 
132.426221 188.751568 
132.033446 188.791321 
131.640631 188.830665 
131.247723 188.869084 
130.854672 188.905993 
130.461422 188.940723 
130.067921 188.972482 
129.674124 189.000310 
129.279999 189.023010 
128.885550 189.039039 
128.490846 189.046338 
128.096107 189.042038 
127.701874 189.021940 
127.309457 188.979509 
126.922186 188.903822 
126.549482 188.775281 
126.220811 188.559693 
126.220811 188.559693 
126.005116 188.229127 
125.944183 187.837733 
125.997221 187.443828 
126.119394 187.065096 
126.285230 186.703156 
126.481010 186.356417 
126.698853 186.023057 
126.933903 185.701577 
127.182986 185.390831 
127.443928 185.089966 
127.715190 184.798366 
127.995652 184.515600 
128.284486 184.241389 
128.581075 183.975583 
128.884957 183.718146 
129.195788 183.469143 
129.513321 183.228745 
129.837379 182.997220 
130.167849 182.774943 
130.504664 182.562406 
130.847799 182.360233 
131.197251 182.169191 
131.553037 181.990227 
131.915169 181.824490 
132.283641 181.673382 
132.658571 181.538532 
132.658571 181.538532 
133.048262 181.419244 
133.443322 181.319153 
133.842713 181.238048 
134.245431 181.175496 
134.650530 181.130874 
135.057155 181.103389 
135.464555 181.092102 
135.872097 181.095954 
136.279269 181.113787 
136.685689 181.144345 
137.091095 181.186278 
137.495358 181.238121 
137.898473 181.298250 
138.300582 181.364800 
138.701980 181.435523 
139.103152 181.507521 
139.504813 181.576716 
139.907933 181.636729 
140.313520 181.676087 
140.720604 181.670059 
141.108610 181.555290 
141.108610 181.555290 
141.364745 181.261775 
141.449245 180.877046 
141.431345 180.481953 
141.357547 180.093034 
141.248995 179.712239 
141.116269 179.339138 
140.965293 178.973022 
140.799662 178.613288 
140.621670 178.259500 
140.432818 177.911385 
140.234069 177.568823 
140.026000 177.231839 
139.808868 176.900622 
139.582640 176.575552 
139.346978 176.257257 
139.101121 175.946652 
139.101121 175.946652 
138.831983 175.631034 
138.551491 175.325456 
138.260927 175.029434 
137.961956 174.741897 
137.656805 174.460918 
137.348654 174.183226 
137.042576 173.903260 
136.748111 173.611199 
136.487380 173.289173 
136.320139 172.912320 
136.344476 172.502883 
136.344476 172.502883 
136.536232 172.129316 
136.799385 171.800644 
137.095203 171.500723 
137.409141 171.219731 
137.734369 170.951853 
138.067125 170.693368 
138.405072 170.441700 
138.746616 170.194930 
139.090566 169.951523 
139.435955 169.710160 
139.781914 169.469616 
140.127583 169.228655 
140.472019 168.985908 
140.472019 168.985908 
140.812680 168.741197 
141.150850 168.493056 
141.486433 168.241426 
141.819358 167.986290 
142.149601 167.727693 
142.477196 167.465748 
142.802252 167.200660 
143.124969 166.932728 
143.445642 166.662352 
143.764671 166.390038 
144.082543 166.116375 
144.399819 165.842019 
End
