479 441
0.224527 0.391826
0.212608 0.390646
0.217224 0.406824
0.220694 0.421301
0.21502 0.436225
0.229205 0.440872
0.221529 0.451778
0.221013 0.465779
0.235358 0.466701
0.242012 0.45617
0.244318 0.443474
0.257976 0.437388
0.271356 0.438526
0.283407 0.436637
0.297614 0.43572
0.307408 0.424555
0.320072 0.421697
0.33449 0.43088
0.344164 0.447724
0.329305 0.459448
0.317979 0.443399
0.306269 0.455194
0.295229 0.468544
0.286921 0.453039
0.272922 0.460675
0.258884 0.451625
0.256215 0.467118
0.270684 0.47843
0.284253 0.481505
0.298104 0.48878
0.291894 0.505426
0.273315 0.500034
0.259368 0.490752
0.247046 0.481088
0.228874 0.484522
0.239856 0.502716
0.256421 0.511775
0.245373 0.527097
0.267612 0.540692
0.2739 0.51792
0.290976 0.532367
0.308447 0.520813
0.326384 0.529928
0.35392 0.508692
0.32917 0.502763
0.312321 0.500193
0.313894 0.477054
0.334377 0.480695
0.358415 0.479654
0.363698 0.458984
0.379542 0.447007
0.397136 0.466843
0.406295 0.432637
0.432845 0.432992
0.438684 0.40119
0.461686 0.387314
0.464403 0.361085
0.482867 0.339209
0.457836 0.333964
0.434746 0.324084
0.43977 0.346429
0.421327 0.358364
0.432331 0.375186
0.409786 0.399113
0.396215 0.367422
0.379498 0.385484
0.366629 0.406251
0.385511 0.418814
0.359813 0.431191
0.345285 0.412754
0.327839 0.405084
0.326883 0.385791
0.311381 0.389763
0.306271 0.404055
0.294705 0.413943
0.283728 0.420924
0.273021 0.414291
0.262816 0.421272
0.250264 0.426499
0.237908 0.430436
0.235895 0.416716
0.248402 0.412326
0.253504 0.402531
0.264525 0.401637
0.277136 0.397772
0.289566 0.399858
0.291636 0.385845
0.302578 0.376158
0.31418 0.366595
0.334505 0.367552
0.350404 0.38577
0.360146 0.357283
0.365454 0.329821
0.38532 0.339558
0.410621 0.340604
0.407482 0.319514
0.399181 0.300613
0.414934 0.296366
0.428209 0.300806
0.441387 0.306274
0.457755 0.306318
0.474534 0.317177
0.496366 0.305263
0.476004 0.295421
0.486549 0.278299
0.464033 0.280923
0.446156 0.28609
0.430179 0.280873
0.421358 0.266979
0.412109 0.27793
0.397842 0.277282
0.388811 0.264412
0.40435 0.256372
0.416149 0.242389
0.421423 0.253443
0.434508 0.252366
0.439488 0.26632
0.454312 0.265841
0.471376 0.259386
0.45342 0.246514
0.438849 0.236796
0.426135 0.227906
0.411033 0.23133
0.406246 0.220471
0.391969 0.220634
0.378915 0.217016
0.365224 0.216899
0.352757 0.217718
0.345235 0.227262
0.336077 0.220195
0.337734 0.235461
0.327302 0.234509
0.320426 0.225854
0.315625 0.238684
0.3065 0.232994
0.295254 0.239307
0.306287 0.246691
0.295639 0.250643
0.285311 0.248964
0.275759 0.254866
0.284141 0.263857
0.294184 0.26307
0.304733 0.26109
0.315433 0.256138
0.321853 0.247602
0.331308 0.259277
0.334179 0.247974
0.344553 0.248803
0.354707 0.24969
0.365847 0.242743
0.355715 0.231853
0.367392 0.228464
0.376742 0.230282
0.384544 0.235955
0.397572 0.238849
0.386767 0.249764
0.374629 0.254164
0.363703 0.262976
0.348428 0.265006
0.338779 0.27602
0.32726 0.272303
0.31723 0.267215
0.309846 0.2757
0.299151 0.275719
0.286747 0.276014
0.272827 0.278215
0.276314 0.269919
0.268009 0.263799
0.260038 0.271524
0.262537 0.282736
0.251704 0.282903
0.243558 0.294003
0.253189 0.296422
0.261801 0.30405
0.265079 0.294593
0.272842 0.289443
0.281552 0.286436
0.291353 0.28698
0.299892 0.292192
0.310957 0.291902
0.320866 0.284491
0.328881 0.295001
0.344026 0.291554
0.354598 0.282921
0.366602 0.282026
0.378721 0.275057
0.385455 0.290499
0.377333 0.306795
0.358667 0.307026
0.341468 0.308683
0.340473 0.328634
0.331477 0.346681
0.312371 0.350611
0.308057 0.338258
0.318479 0.325667
0.324285 0.310833
0.310144 0.306368
0.299727 0.312335
0.299132 0.327045
0.288922 0.340657
0.296897 0.35395
0.290606 0.367047
0.281194 0.35496
0.270931 0.346976
0.272027 0.336735
0.260069 0.341153
0.249958 0.340554
0.23937 0.334778
0.24175 0.322521
0.250443 0.327369
0.260155 0.325862
0.271095 0.32446
0.282111 0.328349
0.286314 0.315844
0.290354 0.301486
0.279693 0.298486
0.274987 0.308329
0.266603 0.314459
0.254468 0.314513
0.247631 0.307867
0.237676 0.304557
0.23567 0.314465
0.228839 0.324266
0.224096 0.336001
0.222734 0.349276
0.231906 0.342743
0.238733 0.350674
0.247946 0.355307
0.257978 0.355812
0.269263 0.359039
0.269249 0.371416
0.280244 0.376769
0.269661 0.386415
0.258376 0.385521
0.24896 0.378456
0.257103 0.36911
0.243325 0.366726
0.23212 0.365821
0.220917 0.35961
0.215288 0.371875
0.225032 0.378781
0.236829 0.38225
0.245233 0.392834
0.23432 0.402256
End
