479 441
0.346548 0.558196
0.329133 0.558995
0.324472 0.575215
0.329906 0.588651
0.318821 0.591294
0.309368 0.582459
0.30817 0.567259
0.290442 0.572674
0.263509 0.572427
0.276949 0.588348
0.29459 0.58831
0.290399 0.601028
0.284644 0.608837
0.293261 0.616812
0.301461 0.623941
0.313192 0.615699
0.302157 0.609962
0.308549 0.599899
0.322333 0.603782
0.333822 0.601255
0.343644 0.608019
0.33455 0.613292
0.325138 0.616122
0.320933 0.625168
0.311985 0.630068
0.305422 0.635259
0.314218 0.643532
0.324181 0.641129
0.320674 0.634487
0.330362 0.631347
0.335745 0.624596
0.343812 0.619647
0.348277 0.628422
0.356805 0.633293
0.357937 0.641043
0.347758 0.640489
0.340427 0.635589
0.332708 0.642402
0.326291 0.649426
0.320849 0.654581
0.330278 0.659005
0.333981 0.667283
0.34243 0.666661
0.341505 0.67549
0.349706 0.679055
0.353918 0.687755
0.363172 0.692378
0.366648 0.701154
0.372489 0.696744
0.379618 0.697255
0.382238 0.687694
0.388339 0.681711
0.382209 0.677531
0.381448 0.669593
0.375302 0.663937
0.366883 0.664964
0.369974 0.672473
0.373986 0.678471
0.373414 0.687143
0.365877 0.682781
0.359591 0.679867
0.360314 0.671752
0.350627 0.667879
0.35754 0.663981
0.353498 0.657633
0.342653 0.658347
0.337926 0.649228
0.346158 0.650436
0.35305 0.648314
0.360744 0.650808
0.363544 0.65855
0.370018 0.655433
0.377573 0.653725
0.382379 0.659197
0.38894 0.662769
0.391495 0.670036
0.394061 0.677797
0.400422 0.675081
0.399681 0.663851
0.404165 0.668536
0.410827 0.668924
0.417283 0.675581
0.409546 0.677061
0.405282 0.682812
0.398765 0.685952
0.392604 0.688903
0.388075 0.695981
0.397224 0.696376
0.405243 0.691813
0.414252 0.692281
0.413371 0.684781
0.420871 0.684412
0.425211 0.689407
0.427145 0.696426
0.420402 0.697933
0.413214 0.701517
0.404991 0.701475
0.395716 0.705222
0.385603 0.705178
0.376163 0.708237
0.385324 0.715336
0.393932 0.722982
0.39464 0.714206
0.402267 0.714856
0.408522 0.710304
0.416295 0.713377
0.421157 0.707488
0.427718 0.703865
0.430438 0.709721
0.426556 0.716897
0.421298 0.721371
0.413158 0.723236
0.405836 0.723455
0.400888 0.730257
0.410234 0.735104
0.41767 0.74047
0.423809 0.747271
0.432035 0.745709
0.432999 0.754898
0.439629 0.749212
0.446783 0.747106
0.443101 0.739509
0.451456 0.738457
0.455137 0.731578
0.463265 0.732199
0.461385 0.740989
0.45605 0.747511
0.450469 0.754769
0.44203 0.759527
0.449728 0.765348
0.457513 0.759511
0.464627 0.76435
0.458361 0.771825
0.467735 0.7768
0.476464 0.783266
0.480089 0.773998
0.473055 0.768061
0.480405 0.763958
0.487474 0.765785
0.494661 0.765863
0.501495 0.770009
0.504319 0.77714
0.51168 0.780249
0.519575 0.779894
0.525937 0.773057
0.528768 0.781113
0.533886 0.788433
0.541636 0.785966
0.543359 0.794361
0.53471 0.801186
0.529983 0.796426
0.521874 0.798124
0.522472 0.78908
0.51357 0.789084
0.504851 0.788263
0.496289 0.785326
0.493988 0.775347
0.486948 0.779539
0.487025 0.789833
0.496847 0.79576
0.50535 0.79954
0.513595 0.798202
0.513624 0.806418
0.52219 0.80716
0.527106 0.812891
0.532991 0.809906
0.540681 0.809457
0.543103 0.802166
0.550873 0.802836
0.556441 0.797154
0.5634 0.796246
0.570799 0.790433
0.57859 0.786089
0.571158 0.780215
0.567451 0.773127
0.575153 0.770358
0.57578 0.763204
0.568946 0.758597
0.564613 0.766464
0.558455 0.762067
0.552187 0.765838
0.546759 0.771178
0.555716 0.773524
0.56156 0.778249
0.561571 0.786844
0.551534 0.790829
0.552917 0.782991
0.546723 0.779421
0.537641 0.777379
0.53801 0.769368
0.533449 0.764181
0.527145 0.763699
0.519833 0.765908
0.513118 0.771196
0.511086 0.762445
0.503908 0.762551
0.499855 0.755474
0.493097 0.756009
0.486272 0.753748
0.47857 0.754671
0.471039 0.758023
0.464145 0.752338
0.467756 0.745287
0.473947 0.748231
0.482055 0.745005
0.488924 0.742163
0.495238 0.74632
0.502855 0.746952
0.506463 0.753107
0.512708 0.753184
0.519114 0.758305
0.524484 0.753173
0.531937 0.754732
0.539231 0.757039
0.544012 0.762318
0.550387 0.757266
0.555964 0.751242
0.563756 0.753953
0.564414 0.747308
0.563466 0.739456
0.556228 0.740514
0.549415 0.742914
0.546268 0.749889
0.539666 0.748275
0.533106 0.746264
0.527345 0.744052
0.520689 0.743021
0.517664 0.748608
0.511043 0.743734
0.515675 0.736437
0.508185 0.734295
0.503377 0.739809
0.49665 0.737204
0.490633 0.732367
0.481824 0.734853
0.475777 0.739457
0.469086 0.737444
0.472091 0.730414
0.478812 0.726404
0.484977 0.727868
0.489795 0.723722
0.48611 0.71843
0.480303 0.716914
0.475903 0.712714
0.473658 0.720805
0.466929 0.723414
0.46034 0.723344
0.453295 0.722724
0.44709 0.725825
0.441406 0.730646
0.435921 0.736837
0.427457 0.737172
0.420813 0.730067
0.43016 0.727795
0.434584 0.722955
0.441183 0.720873
0.444922 0.714519
0.435607 0.714865
0.439139 0.708086
0.436326 0.701814
0.433689 0.695863
0.440949 0.692729
0.446468 0.687851
0.450104 0.680579
0.444692 0.677617
0.438431 0.68255
0.43426 0.688658
0.430356 0.681923
0.425658 0.676681
0.42276 0.66891
0.417247 0.662789
0.410368 0.659791
0.40829 0.652891
0.401564 0.655076
0.395134 0.656986
0.389544 0.653312
0.38384 0.64742
0.378695 0.639642
0.373223 0.645875
0.365802 0.645315
0.367711 0.636163
0.373307 0.629979
0.366177 0.624237
0.358722 0.625748
0.354219 0.618665
0.354086 0.610256
0.363572 0.611235
0.36914 0.616906
0.376977 0.618689
0.379263 0.624903
0.382664 0.631361
0.39041 0.630386
0.398539 0.630159
0.399555 0.638205
0.388976 0.638766
0.393107 0.645625
0.400859 0.646752
0.407465 0.643001
0.415539 0.642501
0.415205 0.650189
0.421319 0.654062
0.426405 0.661028
0.434061 0.663461
0.431623 0.670807
0.437722 0.674242
0.440496 0.666313
0.446197 0.668719
0.452785 0.67148
0.460008 0.668854
0.466592 0.66967
0.470393 0.666357
0.476207 0.663111
0.483723 0.663285
0.482081 0.655896
0.489263 0.657692
0.495361 0.657218
0.501054 0.654947
0.506587 0.660494
0.514811 0.660189
0.521324 0.660512
0.52463 0.654213
0.532033 0.651753
0.537213 0.647822
0.543375 0.649502
0.540123 0.657282
0.536072 0.663467
0.530518 0.659601
0.525679 0.666213
0.530749 0.669886
0.526381 0.675634
0.519936 0.671917
0.515325 0.667971
0.510093 0.674431
0.508569 0.667326
0.501401 0.667595
0.497081 0.663499
0.490914 0.667314
0.486639 0.672336
0.481217 0.670511
0.476096 0.6736
0.473047 0.679122
0.478161 0.684373
0.484788 0.689363
0.484097 0.680333
0.49033 0.67892
0.496001 0.674997
0.501907 0.675445
0.506494 0.680639
0.502477 0.684913
0.495081 0.68387
0.492471 0.690154
0.492693 0.696838
0.500017 0.691166
0.503247 0.695767
0.502862 0.702011
0.4964 0.702417
0.489202 0.703651
0.484591 0.698143
0.47816 0.695342
0.472878 0.690491
0.466597 0.685932
0.467019 0.678447
0.462004 0.677551
0.456349 0.678312
0.457223 0.685476
0.452951 0.691139
0.448854 0.698025
0.444116 0.702312
0.449524 0.708201
0.453331 0.714739
0.460323 0.714265
0.466812 0.714644
0.470414 0.709018
0.463014 0.70522
0.455352 0.705119
0.457734 0.69822
0.46168 0.692225
0.467679 0.696488
0.471516 0.701391
0.478686 0.704896
0.484599 0.710004
0.492802 0.710538
0.493756 0.717687
0.496509 0.724652
0.500732 0.729806
0.507778 0.725601
0.515249 0.729468
0.516503 0.724065
0.522965 0.718821
0.517119 0.717007
0.511843 0.715425
0.506082 0.717664
0.499971 0.717275
0.501917 0.709568
0.509638 0.707195
0.516237 0.708341
0.523488 0.710085
0.530287 0.707461
0.532433 0.69989
0.532074 0.69295
0.52575 0.693521
0.520893 0.694568
0.525052 0.701814
0.519586 0.703502
0.515376 0.69895
0.509681 0.698112
0.509156 0.689975
0.515898 0.688732
0.513891 0.680747
0.520668 0.679592
0.524312 0.685286
0.532362 0.679599
0.532787 0.685941
0.53885 0.69115
0.540811 0.697672
0.545945 0.700663
0.552204 0.699534
0.558257 0.700355
0.565871 0.702233
0.561809 0.70702
0.563029 0.714163
0.568134 0.717893
0.5683 0.725605
0.560741 0.722962
0.553471 0.723965
0.555404 0.715768
0.555656 0.709117
0.5508 0.705845
0.546258 0.71017
0.538861 0.705484
0.535876 0.712509
0.529665 0.715648
0.530297 0.722222
0.537752 0.721466
0.542142 0.715831
0.547589 0.719787
0.544337 0.727622
0.537583 0.730141
0.531334 0.728998
0.524015 0.728374
0.524087 0.73615
0.532148 0.736697
0.539943 0.739586
0.546098 0.734934
0.553236 0.731913
0.561676 0.730908
0.569605 0.734122
0.571795 0.741742
0.574895 0.748511
0.577095 0.755426
0.584573 0.75233
0.592654 0.751143
0.5994 0.748021
0.604775 0.753314
0.59915 0.757832
0.590718 0.758838
0.583705 0.761672
0.584904 0.768655
0.581278 0.776327
0.586778 0.78257
0.595473 0.77811
0.591016 0.773364
0.593469 0.766129
0.600957 0.765635
0.602589 0.772604
0.610685 0.767572
0.609183 0.760755
0.611674 0.753947
0.611691 0.74761
0.606477 0.743746
0.601882 0.739211
0.595838 0.741175
0.589576 0.74344
0.583136 0.743019
0.578193 0.738095
0.5765 0.731077
0.576207 0.724485
0.575163 0.717681
0.581597 0.71685
0.5784 0.710456
0.570172 0.709992
0.57453 0.704746
0.577884 0.698869
0.570976 0.697734
0.564879 0.694139
0.561159 0.688878
0.555039 0.69295
0.547863 0.691982
0.543473 0.686356
0.549589 0.682173
0.554988 0.684835
0.56014 0.681195
0.559796 0.674803
0.55253 0.673372
0.54578 0.674253
0.540362 0.680265
0.536121 0.67393
0.540725 0.668927
0.545755 0.664021
0.552534 0.664317
0.559172 0.667614
0.563674 0.662154
0.568142 0.668015
0.571856 0.661207
0.578094 0.663959
0.575161 0.67028
0.579958 0.67551
0.576561 0.683105
0.573058 0.676865
0.566814 0.675728
0.567457 0.683206
0.570367 0.688415
0.575399 0.691203
0.580718 0.691714
0.585226 0.696868
0.583093 0.704076
0.586641 0.709731
0.58901 0.715635
0.590453 0.721963
0.584396 0.724293
0.584317 0.731802
0.590566 0.734941
0.593355 0.727579
0.598501 0.732323
0.601325 0.724827
0.595801 0.718443
0.601246 0.716163
0.608051 0.720694
0.613966 0.722946
0.608142 0.729025
0.606054 0.734921
0.614008 0.733016
0.61385 0.740702
0.620326 0.745104
0.619719 0.751484
0.617955 0.760655
0.624654 0.757575
0.629305 0.752325
0.627801 0.743964
0.635536 0.747703
0.642234 0.743837
0.649407 0.73952
0.654824 0.734222
0.662207 0.729757
0.655058 0.725578
0.660501 0.720699
0.667213 0.720511
0.671274 0.723624
0.677089 0.717122
0.673431 0.711177
0.667045 0.711918
0.659949 0.712917
0.66145 0.706572
0.65885 0.701108
0.652921 0.698567
0.653415 0.70781
0.65314 0.716297
0.645028 0.712783
0.647192 0.705888
0.645439 0.699334
0.640917 0.693875
0.636072 0.699107
0.639175 0.705768
0.63617 0.712263
0.639156 0.719366
0.646988 0.721291
0.64718 0.729636
0.639162 0.72825
0.642324 0.735406
0.635529 0.736474
0.629623 0.736624
0.621936 0.736707
0.620206 0.728436
0.628028 0.728818
0.634231 0.725151
0.630125 0.720117
0.622995 0.721446
0.618367 0.717002
0.6146 0.712378
0.608575 0.712686
0.603128 0.709287
0.599515 0.703816
0.594979 0.709739
0.590382 0.70339
0.593739 0.698626
0.598536 0.695673
0.603593 0.69359
0.606235 0.698787
0.607799 0.702934
0.611691 0.706349
0.615638 0.700407
0.619945 0.707789
0.623966 0.712571
0.629436 0.713152
0.629712 0.70528
0.623173 0.701796
0.622533 0.69546
0.629619 0.696312
0.633089 0.68972
0.638831 0.685937
0.644818 0.68162
0.648925 0.675854
0.644481 0.67344
0.642154 0.668207
0.635886 0.669231
0.636981 0.677384
0.630491 0.680272
0.628479 0.671966
0.624363 0.66506
0.631534 0.663732
0.636989 0.659784
0.644929 0.661188
0.651277 0.664138
0.654298 0.669645
0.653892 0.676547
0.658659 0.678671
0.653271 0.68424
0.64591 0.688462
0.650308 0.691594
0.657597 0.691585
0.661689 0.685505
0.66701 0.687056
0.673473 0.686739
0.679079 0.685146
0.680753 0.678568
0.687868 0.679132
0.687092 0.685704
0.683002 0.690709
0.678744 0.69443
0.673966 0.696239
0.669327 0.693487
0.663603 0.696222
0.668492 0.702904
0.677304 0.703247
0.681701 0.710479
0.688122 0.707184
0.684678 0.699206
0.691081 0.693665
0.69432 0.70063
0.702624 0.693773
0.695399 0.687144
0.702485 0.685927
0.70978 0.685568
0.714431 0.679031
0.720091 0.675858
0.72577 0.66966
0.722057 0.664349
0.716584 0.667932
0.711048 0.668223
0.708363 0.674975
0.703149 0.678905
0.69489 0.678461
0.697932 0.671904
0.704204 0.668808
0.701145 0.663074
0.709903 0.660633
0.717587 0.658476
0.71476 0.6539
0.708398 0.652936
0.702489 0.655998
0.696477 0.656159
0.693111 0.661451
0.693131 0.66734
0.688047 0.671569
0.68181 0.670891
0.673908 0.672331
0.67285 0.679362
0.666264 0.677354
0.661786 0.671888
0.662085 0.665723
0.65929 0.660544
0.658858 0.653363
0.664231 0.653187
0.667959 0.659544
0.669097 0.666648
0.675534 0.664747
0.680587 0.65947
0.685408 0.663048
0.688821 0.655617
0.692067 0.649642
0.690617 0.643305
0.692279 0.638086
0.688468 0.632964
0.682323 0.631017
0.682554 0.625465
0.683935 0.619412
0.689984 0.620187
0.691044 0.626523
0.696422 0.632342
0.702273 0.630763
0.707639 0.62739
0.713966 0.625447
0.710356 0.617642
0.706433 0.62047
0.699355 0.624722
0.695978 0.61992
0.701466 0.616551
0.703622 0.609709
0.70642 0.603149
0.709121 0.598256
0.711088 0.592215
0.705934 0.589246
0.700587 0.594468
0.699654 0.601826
0.695215 0.607033
0.694921 0.613168
0.687125 0.613173
0.686554 0.606766
0.691023 0.601579
0.689717 0.595517
0.694929 0.594384
0.692481 0.58843
0.686365 0.586369
0.685386 0.579365
0.685176 0.571876
0.691307 0.575868
0.694735 0.569882
0.696252 0.563481
0.702242 0.563761
0.70529 0.558699
0.710119 0.563667
0.708772 0.571412
0.702695 0.571119
0.698568 0.576342
0.694527 0.582242
0.700417 0.585701
0.704783 0.580187
0.710479 0.581005
0.715712 0.584149
0.716323 0.589857
0.718446 0.59545
0.718966 0.601517
0.714408 0.60498
0.710446 0.609952
0.715031 0.613379
0.718022 0.617664
0.720512 0.621882
0.722677 0.626725
0.726908 0.631259
0.721909 0.636722
0.717731 0.632174
0.711373 0.634701
0.705339 0.637265
0.699536 0.640967
0.698127 0.6488
0.704578 0.64691
0.710103 0.643864
0.716416 0.640842
0.715727 0.647367
0.721273 0.650079
0.724195 0.643746
0.728866 0.639733
0.734435 0.638518
0.738649 0.643332
0.732846 0.647769
0.728327 0.65206
0.724294 0.657895
0.73153 0.661781
0.737136 0.655976
0.740652 0.650289
0.746689 0.647217
0.745253 0.641022
0.751826 0.639409
0.755999 0.633035
0.762023 0.627467
0.757831 0.622061
0.751376 0.624561
0.74788 0.632242
0.741397 0.634974
0.735285 0.631957
0.732138 0.626957
0.742879 0.626175
0.740255 0.62059
0.73501 0.620824
0.728762 0.620747
0.72604 0.61482
0.720756 0.60958
0.728685 0.608007
0.734509 0.614133
0.735631 0.609125
0.741118 0.60656
0.74258 0.613135
0.747877 0.616561
0.754481 0.614741
0.762281 0.613474
0.766306 0.619925
0.772358 0.614145
0.769094 0.609208
0.764694 0.603166
0.770535 0.601091
0.776728 0.605052
0.780677 0.598454
0.786425 0.59346
0.781295 0.589134
0.775022 0.591261
0.77229 0.595463
0.765125 0.595232
0.758101 0.595026
0.757819 0.588422
0.765646 0.587841
0.771388 0.586162
0.77651 0.58313
0.780521 0.579917
0.778617 0.573774
0.773721 0.571026
0.779342 0.566449
0.780705 0.558541
0.775574 0.556041
0.773234 0.56196
0.769039 0.566024
0.762654 0.566169
0.76618 0.55941
0.769567 0.554144
0.775569 0.549876
0.782031 0.550705
0.7881 0.551701
0.78836 0.558681
0.78532 0.56373
0.786251 0.57003
0.787451 0.575272
0.785756 0.581334
0.789079 0.586846
0.793105 0.581261
0.795554 0.574875
0.799975 0.568045
0.792631 0.566754
0.795679 0.560995
0.794348 0.554416
0.800973 0.554835
0.804698 0.560528
0.809639 0.552668
0.805745 0.54802
0.801309 0.542819
0.798048 0.547328
0.792456 0.546141
0.785784 0.543824
0.779961 0.542596
0.773736 0.542783
0.769298 0.546452
0.764341 0.549024
0.759919 0.545346
0.75679 0.540245
0.75235 0.538255
0.746603 0.538259
0.741117 0.534002
0.737735 0.529195
0.742523 0.523424
0.744956 0.528211
0.748695 0.53203
0.754697 0.531287
0.760972 0.530127
0.762004 0.53458
0.763042 0.540803
0.767448 0.537778
0.771995 0.535957
0.777392 0.536551
0.781837 0.532183
0.78784 0.532011
0.786799 0.5377
0.792789 0.539389
0.798795 0.536559
0.794363 0.532871
0.799574 0.529469
0.806875 0.53173
0.804529 0.537394
0.809589 0.539683
0.813418 0.544344
0.817289 0.536723
0.814253 0.531312
0.820906 0.527893
0.825841 0.51937
0.819797 0.518774
0.815227 0.5215
0.810824 0.525675
0.804797 0.524465
0.800032 0.522337
0.79495 0.522676
0.790868 0.526951
0.783934 0.524933
0.778079 0.52381
0.775311 0.529747
0.769311 0.529478
0.764615 0.525492
0.758867 0.52495
0.756089 0.519904
0.751277 0.523899
0.746109 0.518885
0.75 0.515023
0.757216 0.513592
0.762152 0.517477
0.766968 0.517852
0.770704 0.522922
0.773481 0.518128
0.777277 0.514624
0.781207 0.509737
0.784122 0.517302
0.789927 0.520125
0.790453 0.513876
0.788106 0.509064
0.785758 0.504248
0.780339 0.502261
0.775046 0.504246
0.772017 0.508378
0.767748 0.512179
0.764352 0.507362
0.758465 0.507932
0.756607 0.50267
0.753997 0.498102
0.755741 0.493197
0.760337 0.489335
0.766956 0.49204
0.76242 0.497042
0.767013 0.501574
0.771652 0.497436
0.777428 0.496961
0.774542 0.490917
0.782249 0.488666
0.783507 0.494544
0.787585 0.498007
0.792275 0.501134
0.798539 0.501127
0.794977 0.507474
0.798892 0.511715
0.796188 0.516147
0.803414 0.515858
0.808977 0.517669
0.814393 0.512934
0.809475 0.508141
0.802966 0.50878
0.804525 0.502541
0.808609 0.499237
0.813384 0.500739
0.819148 0.500278
0.817318 0.506813
0.824272 0.504787
0.822867 0.511897
0.829579 0.50925
0.833513 0.500569
0.828447 0.498967
0.823585 0.497072
0.823998 0.491146
0.829086 0.487417
0.833923 0.492831
0.838258 0.487162
0.834247 0.482603
0.829586 0.47929
0.82428 0.479199
0.822182 0.483865
0.817568 0.487509
0.816624 0.493685
0.811657 0.490599
0.808373 0.493516
0.802701 0.49546
0.796253 0.492361
0.790643 0.491673
0.789398 0.484964
0.784972 0.48299
0.779745 0.482608
0.77374 0.483831
0.769073 0.486118
0.764092 0.483844
0.75809 0.481292
0.761224 0.477028
0.767223 0.477311
0.77322 0.477603
0.778551 0.476667
0.784152 0.473529
0.788369 0.477596
0.789927 0.470805
0.79619 0.473072
0.795045 0.478065
0.794015 0.483371
0.79877 0.484877
0.803411 0.488915
0.805268 0.482603
0.81065 0.483441
0.815753 0.480996
0.815227 0.475043
0.809395 0.473904
0.802944 0.47706
0.80167 0.471655
0.803399 0.467871
0.807405 0.466264
0.813384 0.466742
0.811054 0.460798
0.817323 0.460315
0.821492 0.464372
0.818618 0.4691
0.821503 0.47429
0.827757 0.47277
0.827065 0.466487
0.82462 0.459464
0.83076 0.458436
0.832978 0.463719
0.83517 0.468513
0.834701 0.474786
0.840339 0.479473
0.841087 0.472661
0.843248 0.466736
0.838826 0.460772
0.846638 0.459413
0.842852 0.456086
0.842353 0.450108
0.84813 0.448689
0.84236 0.444441
0.842621 0.439059
0.84871 0.440936
0.849566 0.434755
0.84784 0.429148
0.851356 0.425526
0.848936 0.420652
0.84476 0.418361
0.840511 0.419871
0.83507 0.418347
0.836785 0.412813
0.840268 0.408176
0.845142 0.411826
0.851041 0.414518
0.850604 0.406538
0.845147 0.404259
0.840273 0.398403
0.846538 0.39795
0.852007 0.39804
0.847399 0.391911
0.850801 0.387433
0.848533 0.381831
0.848561 0.375177
0.841969 0.374875
0.837727 0.369989
0.83154 0.368481
0.830619 0.361881
0.837146 0.35941
0.840051 0.364199
0.846105 0.368481
0.846252 0.361692
0.843071 0.356427
0.843542 0.350898
0.841908 0.345591
0.836881 0.344114
0.840116 0.337801
0.833754 0.338724
0.832171 0.333467
0.836694 0.329246
0.830308 0.326436
0.825658 0.332209
0.819415 0.330592
0.819416 0.336735
0.825393 0.338718
0.828959 0.342242
0.827775 0.348082
0.833423 0.348067
0.837146 0.352608
0.83167 0.355155
0.82628 0.354875
0.821756 0.350051
0.821235 0.343809
0.816433 0.344185
0.8121 0.343537
0.808629 0.346561
0.806293 0.342242
0.803062 0.338624
0.798795 0.334755
0.794989 0.330612
0.78948 0.325652
0.786004 0.319725
0.790422 0.316572
0.794595 0.322375
0.79993 0.324641
0.803228 0.327664
0.804802 0.3322
0.808673 0.335441
0.813408 0.337022
0.8121 0.331062
0.815584 0.327297
0.810543 0.325397
0.80949 0.320857
0.804569 0.318838
0.799234 0.318972
0.797047 0.315031
0.798016 0.310381
0.793319 0.306973
0.789021 0.309002
0.784186 0.311508
0.781241 0.316327
0.781576 0.323413
0.776357 0.327098
0.773736 0.331914
0.768685 0.33424
0.762341 0.331954
0.759104 0.32616
0.765345 0.32585
0.770353 0.324265
0.775867 0.321508
0.774974 0.316321
0.769102 0.31678
0.76328 0.318342
0.758873 0.316893
0.754436 0.321141
0.755531 0.313617
0.751777 0.313614
0.748439 0.316327
0.74765 0.321139
0.742425 0.322849
0.740084 0.327664
0.735913 0.324744
0.731136 0.327664
0.726066 0.32734
0.72606 0.322154
0.731737 0.319716
0.737399 0.318594
0.741475 0.315067
0.744259 0.310658
0.750253 0.308399
0.745935 0.305891
0.746945 0.300773
0.752606 0.29931
0.758533 0.300072
0.755592 0.304665
0.757485 0.309153
0.761656 0.30839
0.766064 0.310532
0.771163 0.308014
0.77696 0.310785
0.779153 0.305313
0.783925 0.303855
0.788323 0.299702
0.793662 0.299196
0.797942 0.302721
0.80105 0.29909
0.798837 0.294299
0.796141 0.290738
0.790181 0.291831
0.784626 0.292635
0.780942 0.298834
0.778494 0.295474
0.773486 0.297052
0.774075 0.302721
0.768527 0.301026
0.763645 0.302721
0.763042 0.297055
0.758873 0.293651
0.757381 0.286848
0.754097 0.290403
0.750224 0.292679
0.74575 0.293975
0.739827 0.293363
0.742171 0.298834
0.736165 0.299313
0.73382 0.303855
0.740611 0.305557
0.736206 0.308876
0.734168 0.313681
0.729645 0.310658
0.7273 0.315183
0.723034 0.317082
0.718978 0.312553
0.722756 0.307937
0.728452 0.305637
0.729645 0.299806
0.723382 0.3
0.72714 0.293651
0.733559 0.293367
0.734417 0.287172
0.74008 0.28686
0.746086 0.287132
0.748902 0.282571
0.754465 0.281557
0.761468 0.281747
0.763557 0.286848
0.765131 0.291389
0.768963 0.294029
0.771399 0.288468
0.775226 0.291761
0.779745 0.289105
0.782434 0.28458
0.787834 0.284865
0.790601 0.280959
0.789929 0.275807
0.792875 0.270969
0.798217 0.271628
0.796451 0.277791
0.794624 0.284864
0.799579 0.284568
0.804796 0.285718
0.80422 0.290086
0.804455 0.295171
0.808977 0.296566
0.809395 0.301361
0.80515 0.303099
0.802366 0.306878
0.805061 0.312088
0.809573 0.307256
0.815228 0.304989
0.81524 0.310658
0.810454 0.314065
0.815929 0.316579
0.818097 0.321437
0.822365 0.326036
0.825657 0.322469
0.83326 0.320845
0.82953 0.315057
0.823884 0.316982
0.822073 0.312769
0.821473 0.307275
0.827479 0.307337
0.822481 0.30086
0.819724 0.294812
0.814969 0.298466
0.813116 0.29205
0.816748 0.288072
0.81055 0.28717
0.810799 0.279926
0.805466 0.280835
0.802089 0.277795
0.805116 0.272823
0.800564 0.267237
0.795998 0.26322
0.790465 0.263536
0.790376 0.256603
0.785397 0.259643
0.780585 0.261451
0.782098 0.266723
0.787828 0.267566
0.78421 0.27259
0.783657 0.278069
0.778258 0.280045
0.775226 0.284203
0.769572 0.282596
0.766522 0.27753
0.773486 0.276658
0.778262 0.273248
0.774537 0.268248
0.769311 0.271623
0.763038 0.2726
0.758873 0.276158
0.755592 0.272595
0.750261 0.275794
0.74452 0.275227
0.741704 0.279798
0.736177 0.280323
0.733037 0.276066
0.737297 0.271984
0.740084 0.267201
0.746555 0.268254
0.751566 0.267574
0.75589 0.265792
0.760175 0.265596
0.764708 0.267794
0.768259 0.264172
0.763257 0.259864
0.76055 0.253982
0.754674 0.254105
0.753021 0.259637
0.747131 0.257956
0.743998 0.262188
0.737736 0.259929
0.741479 0.254858
0.747397 0.250863
0.752598 0.248299
0.758873 0.246032
0.764095 0.248306
0.768267 0.248325
0.767223 0.254454
0.773469 0.253971
0.771389 0.258985
0.775838 0.262187
0.778556 0.256084
0.782837 0.253413
0.783766 0.249121
0.777522 0.246593
0.772879 0.248643
0.77164 0.241492
0.765136 0.242644
0.765193 0.236832
0.758869 0.23926
0.752861 0.241223
0.747836 0.243759
0.742777 0.243759
0.740605 0.248299
0.735908 0.250572
0.733227 0.254139
0.731733 0.260292
0.73278 0.265992
0.727545 0.269841
0.725473 0.26418
0.724424 0.257658
0.728748 0.254463
0.72401 0.249897
0.727557 0.246032
0.731727 0.244895
0.735312 0.242792
0.739048 0.239983
0.737996 0.235342
0.731036 0.234951
0.728079 0.239229
0.722487 0.241821
0.719986 0.237537
0.718859 0.232804
0.724435 0.231302
0.72905 0.227568
0.733125 0.229025
0.737693 0.229518
0.742466 0.233408
0.746606 0.237257
0.752341 0.235
0.757843 0.232342
0.75147 0.227872
0.746925 0.230182
0.743917 0.225234
0.737952 0.223457
0.731801 0.22088
0.724763 0.22314
0.724495 0.21715
0.719513 0.219848
0.714501 0.215773
0.708517 0.219098
0.705494 0.214113
0.697192 0.212826
0.699505 0.218082
0.698071 0.223657
0.703992 0.223367
0.707273 0.227902
0.711455 0.225313
0.715373 0.222614
0.718435 0.227329
0.713208 0.232154
0.711791 0.237223
0.708768 0.241119
0.714772 0.243483
0.718313 0.246675
0.719217 0.252856
0.71504 0.254548
0.709933 0.250825
0.708172 0.246032
0.702513 0.246036
0.703201 0.238725
0.705115 0.232993
0.699902 0.229317
0.697738 0.233718
0.693558 0.236961
0.688315 0.238105
0.68402 0.242471
0.680072 0.245475
0.677201 0.25086
0.683716 0.252397
0.689979 0.251701
0.687891 0.246692
0.69237 0.244734
0.697286 0.241497
0.696496 0.248595
0.701809 0.252582
0.699227 0.258024
0.694753 0.255113
0.689388 0.257381
0.692415 0.261527
0.6879 0.265304
0.683708 0.259637
0.678158 0.25814
0.673288 0.259191
0.666604 0.261905
0.662321 0.256827
0.667285 0.254829
0.671714 0.251146
0.665982 0.248585
0.661454 0.245664
0.658677 0.249823
0.655903 0.255367
0.651884 0.24973
0.651369 0.244224
0.657978 0.241248
0.664932 0.240858
0.669634 0.243207
0.674907 0.243029
0.676872 0.237312
0.681415 0.235475
0.686036 0.230921
0.692067 0.231293
0.691479 0.226598
0.6906 0.222391
0.691826 0.218277
0.689685 0.213126
0.683985 0.213522
0.68259 0.219605
0.682582 0.226054
0.675973 0.224334
0.67511 0.219131
0.677735 0.21365
0.671207 0.213539
0.666373 0.215969
0.669358 0.221398
0.662586 0.221397
0.660301 0.214765
0.656081 0.219703
0.650918 0.221088
0.648099 0.216918
0.645383 0.224631
0.639551 0.221444
0.638006 0.229321
0.632557 0.224591
0.627325 0.228743
0.621324 0.229186
0.616832 0.23354
0.612002 0.236214
0.605698 0.238565
0.599391 0.24298
0.605049 0.246955
0.610667 0.24378
0.616681 0.243531
0.621572 0.242015
0.623879 0.236972
0.629659 0.235494
0.635191 0.235288
0.639885 0.237545
0.644758 0.232178
0.650549 0.22865
0.655543 0.229036
0.659191 0.227049
0.664674 0.228187
0.669714 0.22758
0.67608 0.229911
0.671429 0.235457
0.666421 0.23438
0.66076 0.234703
0.654082 0.235854
0.648747 0.237561
0.644062 0.239882
0.644059 0.246041
0.637803 0.245591
0.63187 0.242458
0.625968 0.246288
0.625005 0.252556
0.628745 0.256373
0.631524 0.249927
0.635973 0.253121
0.641971 0.252834
0.647968 0.25313
0.648232 0.25851
0.641971 0.259651
0.635707 0.260112
0.629708 0.262184
0.623181 0.26146
0.617973 0.256917
0.619012 0.250567
0.612735 0.25102
0.607182 0.253344
0.608801 0.259139
0.611851 0.263519
0.616459 0.263416
0.621879 0.268498
0.628623 0.270754
0.633155 0.26745
0.640087 0.266904
0.637376 0.273243
0.635244 0.27928
0.62944 0.278214
0.631528 0.286391
0.625688 0.285708
0.618765 0.284867
0.622144 0.280045
0.623483 0.274869
0.616245 0.276648
0.613794 0.270519
0.607531 0.273706
0.608996 0.280041
0.612126 0.285028
0.614091 0.291194
0.620846 0.291107
0.625504 0.294403
0.620838 0.298471
0.614837 0.298181
0.609116 0.297055
0.606299 0.291357
0.600689 0.291641
0.602757 0.28458
0.601631 0.278037
0.596478 0.283447
0.592535 0.278432
0.585631 0.277765
0.587749 0.272021
0.592355 0.267437
0.596814 0.272211
0.601701 0.269167
0.606745 0.266161
0.602121 0.260449
0.595662 0.261894
0.595815 0.255398
0.600237 0.251751
0.592954 0.248543
0.584513 0.254338
0.589818 0.256934
0.586355 0.263067
0.578491 0.261705
0.58043 0.268702
0.578605 0.2753
0.571946 0.269393
0.564945 0.278468
0.573444 0.280055
0.579753 0.283324
0.5873 0.284569
0.593054 0.28931
0.587486 0.292132
0.581626 0.290531
0.574418 0.290464
0.567119 0.287091
0.558121 0.290716
0.550394 0.302271
0.560419 0.302716
0.568231 0.296697
0.570829 0.305915
0.576752 0.299609
0.584177 0.299283
0.59139 0.299869
0.596695 0.296131
0.600784 0.301528
0.607279 0.302922
0.607296 0.309294
0.615029 0.305795
0.620839 0.304687
0.625006 0.3098
0.629454 0.306497
0.628697 0.300645
0.631739 0.29411
0.637374 0.294787
0.635451 0.303007
0.640576 0.301463
0.64615 0.302717
0.651813 0.302715
0.647716 0.296778
0.64405 0.293651
0.641614 0.289494
0.637555 0.286092
0.642236 0.282031
0.643372 0.276013
0.648236 0.280688
0.647049 0.286194
0.650558 0.289873
0.654841 0.292148
0.65476 0.297906
0.660752 0.295918
0.661344 0.289454
0.657173 0.286848
0.65424 0.282028
0.65172 0.275767
0.656581 0.271632
0.652144 0.268428
0.646411 0.270694
0.646849 0.264428
0.652933 0.261342
0.657968 0.261527
0.659557 0.265802
0.662004 0.269161
0.665971 0.268707
0.671463 0.266722
0.677453 0.26644
0.682672 0.26644
0.684769 0.270975
0.685814 0.275505
0.680059 0.274942
0.675104 0.272959
0.669369 0.273532
0.663886 0.27551
0.658925 0.276637
0.661795 0.282313
0.667621 0.28004
0.672234 0.280032
0.677196 0.280325
0.679541 0.2862
0.683988 0.282037
0.689383 0.280045
0.692665 0.284591
0.68819 0.28782
0.684072 0.289489
0.684065 0.295925
0.680587 0.293657
0.675963 0.291389
0.673027 0.286557
0.667023 0.286848
0.666759 0.293368
0.671422 0.295666
0.676862 0.298197
0.67352 0.302967
0.673278 0.308869
0.67928 0.307534
0.681886 0.302436
0.6873 0.300443
0.689979 0.295918
0.692665 0.291394
0.697632 0.291772
0.699817 0.287811
0.699374 0.283447
0.700651 0.278272
0.695198 0.277778
0.691719 0.274754
0.691649 0.270068
0.694502 0.266818
0.697495 0.263719
0.702505 0.26256
0.702505 0.267574
0.697991 0.271349
0.702853 0.272865
0.706945 0.275792
0.710388 0.281054
0.706266 0.285709
0.710513 0.289867
0.713988 0.287982
0.717641 0.284581
0.718685 0.280045
0.714126 0.275833
0.712349 0.270965
0.708182 0.268381
0.708779 0.263039
0.706688 0.257382
0.712352 0.258681
0.71943 0.261145
0.715031 0.265306
0.719203 0.269839
0.722077 0.274943
0.727813 0.275219
0.725992 0.280612
0.730167 0.285147
0.725209 0.287132
0.71999 0.289966
0.71861 0.294623
0.717128 0.29932
0.715727 0.304737
0.71248 0.309272
0.706946 0.30924
0.703552 0.312928
0.698747 0.310884
0.697138 0.306923
0.7012 0.303288
0.707108 0.302714
0.711276 0.297047
0.705985 0.294659
0.701197 0.295367
0.696009 0.298927
0.692067 0.303369
0.691603 0.31028
0.68627 0.308001
0.684417 0.313807
0.688494 0.318594
0.693632 0.322562
0.694158 0.316326
0.699728 0.315952
0.700417 0.320862
0.698069 0.327948
0.703551 0.325397
0.704891 0.33058
0.706056 0.337406
0.698757 0.334463
0.698926 0.339974
0.703102 0.343537
0.698098 0.346561
0.703111 0.350334
0.700428 0.354875
0.706459 0.356377
0.710628 0.360916
0.715042 0.364591
0.720605 0.366209
0.723653 0.371024
0.724883 0.376254
0.720698 0.379819
0.715043 0.379814
0.717716 0.37334
0.713469 0.371599
0.709365 0.368481
0.704845 0.364695
0.700424 0.360541
0.695727 0.358549
0.689987 0.358946
0.69374 0.351468
0.68849 0.350006
0.684769 0.35289
0.682477 0.358268
0.685109 0.364192
0.681378 0.368753
0.675966 0.370742
0.677218 0.362419
0.672234 0.365287
0.66702 0.363293
0.662148 0.365189
0.656776 0.367027
0.657217 0.358719
0.651089 0.354651
0.651113 0.361113
0.649287 0.366208
0.648429 0.374433
0.643052 0.370723
0.641622 0.377945
0.637986 0.384006
0.64328 0.390275
0.639072 0.395669
0.634053 0.393611
0.630516 0.388428
0.63076 0.381194
0.634305 0.374207
0.637569 0.366956
0.641559 0.36304
0.644272 0.357588
0.6378 0.355304
0.631802 0.355133
0.632141 0.361252
0.63051 0.366874
0.625997 0.370523
0.623983 0.377321
0.623081 0.384843
0.617681 0.389359
0.610394 0.392714
0.610555 0.382306
0.616128 0.377355
0.618665 0.370313
0.61448 0.365131
0.609848 0.361862
0.606395 0.356578
0.610228 0.349429
0.609329 0.342363
0.612764 0.334903
0.611762 0.327643
0.612022 0.321043
0.619017 0.320851
0.619788 0.327861
0.625017 0.32283
0.628699 0.327854
0.635713 0.329922
0.632119 0.335278
0.635718 0.341265
0.628415 0.341258
0.625096 0.335258
0.619029 0.33445
0.6177 0.341036
0.623836 0.345116
0.617715 0.34827
0.616141 0.355706
0.62183 0.362795
0.6239 0.356381
0.626921 0.351327
0.631756 0.34729
0.637802 0.348057
0.6443 0.350581
0.645935 0.345109
0.641716 0.340968
0.640935 0.334915
0.645462 0.329672
0.651717 0.331936
0.648441 0.337401
0.652412 0.341904
0.652405 0.348068
0.658213 0.348809
0.661455 0.353605
0.664933 0.357782
0.669407 0.352926
0.671458 0.357413
0.677199 0.354579
0.679541 0.34872
0.677202 0.343233
0.671198 0.341261
0.673015 0.348342
0.667024 0.347491
0.662839 0.344671
0.658669 0.341264
0.656824 0.336475
0.658883 0.330383
0.664154 0.330489
0.665159 0.33824
0.669337 0.333701
0.674472 0.335098
0.678509 0.336728
0.679845 0.33155
0.685804 0.333701
0.683459 0.339277
0.683727 0.34515
0.690611 0.343985
0.691844 0.338743
0.692067 0.333333
0.692423 0.328412
0.687902 0.327653
0.684652 0.323631
0.679283 0.325672
0.673286 0.327656
0.667726 0.324379
0.673544 0.321141
0.680239 0.318841
0.677198 0.313767
0.670775 0.315191
0.665397 0.315569
0.66243 0.321965
0.657279 0.321848
0.652401 0.325388
0.646402 0.322837
0.641191 0.325936
0.635974 0.323395
0.640297 0.317458
0.646138 0.316313
0.652223 0.317141
0.658664 0.314059
0.662839 0.309524
0.667283 0.306979
0.666333 0.300707
0.660056 0.302973
0.656125 0.308009
0.650325 0.309519
0.644063 0.30951
0.637803 0.309967
0.632236 0.312296
0.63397 0.317831
0.630334 0.320209
0.625275 0.316322
0.619203 0.313218
0.612753 0.313596
0.606104 0.316311
0.603556 0.322555
0.603048 0.33006
0.606743 0.335204
0.600949 0.338805
0.601321 0.345799
0.600968 0.352771
0.596539 0.360698
0.597467 0.368665
0.603811 0.366021
0.609622 0.371862
0.602609 0.376479
0.603433 0.385875
0.597905 0.392486
0.603964 0.39843
0.608753 0.403914
0.601651 0.407366
0.607969 0.412701
0.615962 0.41417
0.61589 0.407018
0.615226 0.400036
0.620771 0.397769
0.626343 0.39343
0.628773 0.400395
0.623996 0.406131
0.623711 0.414777
0.629844 0.412803
0.634018 0.408347
0.635718 0.402488
0.642001 0.403714
0.646971 0.399169
0.651721 0.395188
0.651684 0.389084
0.647451 0.382927
0.655278 0.381865
0.654301 0.37444
0.66076 0.374818
0.666499 0.371471
0.672457 0.375055
0.668066 0.379536
0.66369 0.382543
0.660228 0.387243
0.659458 0.393197
0.655846 0.400426
0.663245 0.399808
0.66741 0.394662
0.670461 0.389927
0.672366 0.383841
0.677 0.389135
0.679896 0.393803
0.683716 0.390023
0.688606 0.386116
0.694391 0.388131
0.693646 0.394555
0.688322 0.394558
0.684342 0.399547
0.676434 0.397968
0.671843 0.401821
0.666864 0.407381
End
0.666864 0.407381
0.66096 0.408453
0.655211 0.406516
0.649632 0.408258
0.644084 0.410314
0.639903 0.414961
0.636097 0.419603
0.629976 0.421606
0.634869 0.428803
0.642762 0.429501
0.643392 0.422715
0.649017 0.41733
0.654518 0.414257
0.659729 0.416074
0.664738 0.418116
0.670175 0.421092
0.669562 0.427438
0.676845 0.425854
0.68233 0.423901
0.687712 0.423713
0.693118 0.425453
0.698728 0.429292
0.702516 0.42517
0.706949 0.422632
0.708083 0.429967
0.71385 0.426791
0.712256 0.422526
0.713243 0.417718
0.715734 0.412826
0.709826 0.409297
0.705523 0.405524
0.701471 0.402212
0.697286 0.407029
0.699658 0.412389
0.707081 0.414866
0.701917 0.418373
0.696479 0.419878
0.691454 0.416545
0.69208 0.410431
0.686052 0.414078
0.681012 0.414959
0.676637 0.418133
0.670517 0.414081
0.674444 0.408882
0.679743 0.40559
0.685813 0.407039
0.690913 0.404009
0.695213 0.400227
0.70043 0.395692
0.701477 0.389337
0.698864 0.383789
0.698081 0.377836
0.692962 0.379171
0.688164 0.380098
0.682523 0.382734
0.677697 0.381335
0.681228 0.375283
0.687204 0.374896
0.68819 0.3701
0.692072 0.365564
0.698338 0.366209
0.694159 0.371879
0.70089 0.372265
0.706095 0.373016
0.709373 0.377545
0.704003 0.379807
0.707749 0.38435
0.713547 0.386621
0.717819 0.388528
0.721294 0.385973
0.72365 0.391447
0.725997 0.396823
0.731965 0.398211
0.733304 0.393429
0.72942 0.388142
0.726406 0.382592
0.731472 0.377268
0.729906 0.371032
0.73614 0.370496
0.738294 0.365565
0.744677 0.366209
0.744259 0.360065
0.749478 0.361678
0.754436 0.361962
0.757829 0.357143
0.761557 0.361678
0.766031 0.35941
0.768118 0.355523
0.771399 0.352608
0.775825 0.350053
0.771747 0.345427
0.766627 0.347101
0.763048 0.352041
0.758612 0.350057
0.759917 0.343991
0.752871 0.343254
0.750754 0.348325
0.753206 0.35358
0.748173 0.355159
0.740787 0.354625
0.737735 0.359694
0.732439 0.362687
0.727557 0.365079
0.728601 0.356859
0.723382 0.35941
0.717722 0.35941
0.715041 0.354864
0.711452 0.351636
0.708351 0.34898
0.709475 0.344039
0.715292 0.341553
0.712954 0.336724
0.710265 0.332189
0.715379 0.33031
0.711117 0.32568
0.707735 0.320417
0.709373 0.315028
0.714804 0.317829
0.719562 0.321235
0.716771 0.325019
0.721526 0.329176
0.719207 0.335601
0.724426 0.338095
0.728958 0.333961
0.735916 0.332195
0.74102 0.336224
0.737213 0.340703
0.732336 0.339002
0.730548 0.343537
0.72547 0.345805
0.720698 0.343537
0.717351 0.348324
0.72199 0.35286
0.728949 0.350088
0.733829 0.353741
0.736169 0.347789
0.743338 0.349581
0.742697 0.344385
0.746608 0.340986
0.751571 0.336729
0.748086 0.334467
0.744259 0.331066
0.748429 0.327024
0.752953 0.327671
0.755294 0.3322
0.755947 0.33854
0.759704 0.337182
0.764536 0.338997
0.769311 0.34127
0.775979 0.339002
0.778914 0.344671
0.782533 0.350592
0.787802 0.354227
0.788361 0.359694
0.789144 0.365079
0.79463 0.36367
0.792275 0.3701
0.796683 0.372764
0.801661 0.368485
0.799919 0.363571
0.805034 0.360166
0.800365 0.356859
0.794375 0.357143
0.794373 0.35099
0.789947 0.347318
0.785714 0.344509
0.783664 0.338719
0.780213 0.333459
0.784186 0.329649
0.789137 0.332763
0.790406 0.338504
0.794606 0.342021
0.799315 0.342976
0.799576 0.348638
0.803497 0.35119
0.80838 0.352608
0.814189 0.35034
0.818815 0.35487
0.813403 0.356856
0.810799 0.36111
0.808281 0.366465
0.806879 0.37237
0.802453 0.375567
0.797942 0.379819
0.793466 0.381431
0.788884 0.378962
0.788701 0.37431
0.785752 0.369615
0.781411 0.367123
0.781826 0.362812
0.781833 0.357147
0.776264 0.356774
0.774008 0.361111
0.776096 0.36678
0.771399 0.369129
0.768416 0.36427
0.764539 0.368481
0.766387 0.374144
0.763739 0.37956
0.7654 0.38548
0.759394 0.384929
0.756514 0.379533
0.753447 0.374821
0.758873 0.373016
0.758873 0.366861
0.752871 0.368197
0.749329 0.372368
0.744528 0.372729
0.739048 0.375279
0.736256 0.380197
0.733472 0.383976
0.736963 0.387753
0.740794 0.391408
0.744527 0.38634
0.741133 0.380952
0.745303 0.379819
0.750258 0.380091
0.750266 0.386344
0.754697 0.388326
0.757823 0.393424
0.762816 0.391912
0.760438 0.398526
0.756188 0.402494
0.761376 0.405907
0.755393 0.409045
0.749826 0.410557
0.744557 0.409945
0.744955 0.415848
0.748659 0.421389
0.742176 0.421766
0.737996 0.425818
0.733224 0.424846
0.727557 0.422902
0.728393 0.416553
0.731743 0.413178
0.73382 0.419015
0.738228 0.416352
0.738261 0.409575
0.743563 0.40451
0.750522 0.402494
0.752871 0.395971
0.748434 0.392776
0.745195 0.397196
0.739855 0.398721
0.73539 0.403058
0.733124 0.407407
0.72861 0.404762
0.724429 0.402488
0.718623 0.401203
0.719212 0.396336
0.714519 0.393986
0.709073 0.390507
0.707108 0.395687
0.710661 0.400907
0.715042 0.405407
0.720256 0.408157
0.725992 0.409864
0.723618 0.416357
0.718984 0.41987
0.721537 0.425929
0.71738 0.430839
0.714733 0.434888
0.70902 0.437249
0.703219 0.434488
0.703045 0.440472
0.697043 0.441891
0.697304 0.447389
0.691819 0.452095
0.689993 0.445573
0.689083 0.439523
0.695568 0.436246
0.691386 0.431468
0.686337 0.433939
0.681453 0.432788
0.67435 0.432421
0.674328 0.438318
0.680601 0.441043
0.683989 0.445857
0.678165 0.448344
0.672466 0.444893
0.667033 0.441495
0.667045 0.43424
0.660261 0.435753
0.662664 0.428334
0.658867 0.423657
0.651703 0.4245
0.653724 0.432495
0.647678 0.434442
0.642158 0.438026
0.634685 0.436508
0.634679 0.442849
0.632774 0.449546
0.627368 0.454675
0.621426 0.458151
0.613801 0.459196
0.613986 0.465595
0.620283 0.469649
0.625284 0.464741
0.631368 0.465798
0.628856 0.472794
0.628963 0.479798
0.635191 0.479799
0.641232 0.477125
0.64199 0.484352
0.638573 0.488871
0.631404 0.490161
0.624338 0.494024
0.621917 0.50036
0.61613 0.503677
0.608737 0.506111
0.603077 0.502056
0.603154 0.494564
0.595726 0.494266
0.588306 0.496613
0.580291 0.497487
0.574275 0.504811
0.573379 0.514962
0.58108 0.51152
0.586536 0.505405
0.594737 0.503559
0.5997 0.510364
0.607524 0.513612
0.60665 0.521374
0.598164 0.519268
0.590123 0.514241
0.587974 0.522859
0.581429 0.522707
0.574153 0.523828
0.574702 0.532295
0.581443 0.532883
0.588174 0.533497
0.592982 0.52913
0.599165 0.526757
0.601228 0.533426
0.609319 0.533808
0.609452 0.527414
0.617418 0.528618
0.621736 0.522336
0.614846 0.519098
0.616121 0.511701
0.623187 0.511343
0.628337 0.505976
0.630767 0.499137
0.637232 0.49589
0.639898 0.501588
0.637003 0.507857
0.63232 0.512577
0.628084 0.517946
0.628878 0.526079
0.632605 0.534671
0.638219 0.539692
0.643609 0.540084
0.646355 0.545771
0.640864 0.550248
0.634347 0.55273
0.633823 0.544613
0.627024 0.54682
0.625171 0.540357
0.624001 0.533157
0.616329 0.537415
0.616527 0.546485
0.619194 0.553589
0.625672 0.553299
0.62872 0.559162
0.628042 0.565783
0.624714 0.572177
0.617247 0.5759
0.623944 0.579165
0.626305 0.585034
0.628307 0.591122
0.632571 0.595259
0.636183 0.590981
0.641719 0.590995
0.645122 0.586168
0.64908 0.590698
0.654488 0.588889
0.654912 0.581638
0.64876 0.581072
0.644072 0.578723
0.639463 0.582789
0.633034 0.582452
0.631533 0.573701
0.637787 0.573696
0.637179 0.565768
0.637053 0.55916
0.643877 0.560411
0.648428 0.555184
0.651367 0.548769
0.657394 0.551279
0.661391 0.544672
0.655274 0.541861
0.650956 0.537412
0.646414 0.534292
0.641291 0.530977
0.636966 0.526823
0.636426 0.520229
0.640735 0.516107
0.646313 0.521387
0.648067 0.514018
0.644783 0.507929
0.651732 0.503529
0.64722 0.499988
0.645485 0.494153
0.64931 0.488203
0.649302 0.482986
0.648249 0.477318
0.655562 0.477324
0.655285 0.470728
0.657127 0.462949
0.662486 0.467837
0.669121 0.470961
0.67538 0.472778
0.674972 0.465986
0.668494 0.463024
0.663932 0.459168
0.65945 0.454041
0.653838 0.45066
0.651222 0.457508
0.648781 0.46354
0.648261 0.470522
0.640236 0.470676
0.641986 0.462598
0.635949 0.463968
0.634931 0.456571
0.643503 0.45416
0.640083 0.447009
0.646642 0.446098
0.651031 0.442046
0.656187 0.442177
0.661547 0.44494
0.666002 0.450854
0.671902 0.453511
0.674694 0.459437
0.679739 0.45548
0.685818 0.452381
0.686019 0.459638
0.682266 0.46417
0.681633 0.470516
0.68763 0.470805
0.691854 0.467751
0.692081 0.462585
0.692874 0.457771
0.698102 0.455401
0.70251 0.452936
0.70789 0.450437
0.70487 0.445847
0.710865 0.444434
0.715031 0.440395
0.721303 0.438771
0.723654 0.433114
0.727563 0.428575
0.729384 0.434524
0.728607 0.440586
0.72522 0.44586
0.719468 0.445295
0.715047 0.448481
0.71295 0.453511
0.719409 0.453805
0.725478 0.452372
0.731473 0.452084
0.732255 0.446429
0.736176 0.443019
0.74287 0.445322
0.73946 0.450779
0.735908 0.455782
0.730689 0.458902
0.724853 0.459854
0.720131 0.463205
0.714335 0.459688
0.708029 0.457956
0.702519 0.461446
0.6975 0.465512
0.702516 0.469468
0.709202 0.472785
0.708781 0.465982
0.714615 0.467114
0.718585 0.47211
0.720541 0.478138
0.712344 0.477774
0.711128 0.483848
0.71693 0.485563
0.723121 0.48441
0.72775 0.480405
0.728601 0.473243
0.724316 0.468759
0.73049 0.466431
0.735646 0.463999
0.740089 0.45983
0.74452 0.456633
0.746341 0.450753
0.750293 0.445814
0.754708 0.448481
0.759563 0.445946
0.757481 0.441295
0.755161 0.4355
0.750261 0.439059
0.745649 0.439909
0.741575 0.438451
0.735908 0.437156
0.73382 0.431325
0.739043 0.431973
0.743963 0.43262
0.745309 0.427438
0.749922 0.431967
0.753305 0.427186
0.754697 0.421769
0.753206 0.4161
0.758641 0.415848
0.763305 0.413543
0.769303 0.413841
0.767218 0.40816
0.767218 0.403634
0.766962 0.397676
0.771989 0.400216
0.77395 0.39418
0.76905 0.390873
0.776279 0.386863
0.770806 0.384343
0.772561 0.37957
0.773781 0.374629
0.779489 0.372732
0.781824 0.377546
0.77974 0.382081
0.786013 0.383706
0.790188 0.387755
0.796451 0.387269
0.794351 0.39229
0.800366 0.393132
0.805587 0.396252
0.810467 0.395686
0.81338 0.390398
0.818985 0.386621
0.825405 0.38634
0.829257 0.391156
0.833612 0.386621
0.830696 0.38096
0.823835 0.380103
0.819179 0.377813
0.814718 0.381519
0.808977 0.385973
0.80619 0.389636
0.801215 0.386288
0.803412 0.381707
0.808708 0.380096
0.812095 0.375283
0.814189 0.370183
0.817666 0.367727
0.817578 0.36197
0.823318 0.359696
0.824265 0.365959
0.821155 0.371126
0.826123 0.373778
0.832649 0.375035
0.837675 0.380388
0.842353 0.38211
0.843542 0.386949
0.839829 0.3909
0.83429 0.393707
0.833725 0.399577
0.836117 0.404122
0.831937 0.408173
0.827766 0.412213
0.82985 0.4176
0.82358 0.417228
0.817336 0.416091
0.811059 0.418362
0.813749 0.422903
0.81942 0.422898
0.825855 0.425994
0.832455 0.42346
0.832689 0.429908
0.838195 0.426296
0.843147 0.428281
0.840796 0.433656
0.836628 0.438205
0.831673 0.436217
0.826871 0.43586
0.822802 0.433094
0.819157 0.42943
0.813415 0.429435
0.808704 0.432254
0.814546 0.436261
0.81107 0.441693
0.806625 0.437632
0.803425 0.443561
0.801225 0.437469
0.796739 0.440384
0.795845 0.445573
0.798959 0.451249
0.804537 0.450396
0.809242 0.447558
0.81464 0.447829
0.817573 0.443854
0.8208 0.439027
0.823326 0.44585
0.827987 0.444304
0.832236 0.443299
0.836378 0.445862
0.836113 0.452829
0.830111 0.45266
0.824775 0.451406
0.820712 0.454079
0.816281 0.453518
0.811327 0.454359
0.806359 0.457471
0.802409 0.458532
0.800034 0.463713
0.795747 0.465217
0.790878 0.465598
0.788396 0.461773
0.790188 0.456916
0.796182 0.457203
0.79227 0.451731
0.791229 0.445585
0.787201 0.446235
0.781574 0.443596
0.783704 0.438527
0.789716 0.438511
0.793667 0.434492
0.798889 0.432346
0.802942 0.428952
0.807811 0.424665
0.802242 0.421382
0.797045 0.420646
0.793648 0.416113
0.787683 0.413832
0.782069 0.409549
0.784519 0.404773
0.789947 0.406282
0.794619 0.40958
0.800626 0.413832
0.806461 0.414954
0.811315 0.411278
0.817332 0.409297
0.822991 0.409291
0.826717 0.404314
0.827526 0.398467
0.824102 0.393709
0.819405 0.394546
0.815587 0.398329
0.819677 0.402778
0.813451 0.403142
0.809489 0.403906
0.805699 0.406389
0.800622 0.407029
0.801322 0.399975
0.795401 0.402494
0.794052 0.397316
0.788356 0.399088
0.786702 0.393676
0.782881 0.388889
0.779489 0.393707
0.781832 0.39957
0.777666 0.40192
0.773716 0.40678
0.775846 0.41185
0.780793 0.4161
0.775315 0.418648
0.769543 0.420887
0.764507 0.421763
0.7598 0.424666
0.759133 0.431689
0.764537 0.429394
0.769072 0.431726
0.773491 0.429716
0.775346 0.424914
0.781422 0.424031
0.786273 0.420352
0.791671 0.422897
0.795395 0.42743
0.788326 0.42843
0.784448 0.431106
0.779509 0.432727
0.775314 0.436796
0.775569 0.442657
0.771138 0.445862
0.769311 0.438775
0.763312 0.436781
0.764879 0.44359
0.765146 0.449468
0.760334 0.453061
0.765136 0.45804
0.769564 0.452661
0.771394 0.458527
0.769043 0.46399
0.775319 0.463995
0.778566 0.46016
0.776616 0.454185
0.777149 0.448689
0.783325 0.450108
0.785108 0.454649
0.783219 0.459557
0.783221 0.466228
0.779153 0.470522
0.773486 0.470522
0.768267 0.470522
0.763048 0.471655
0.763351 0.466627
0.76095 0.462094
0.756785 0.459751
0.753656 0.454369
0.749929 0.457246
0.747393 0.463138
0.751989 0.465517
0.757568 0.468821
0.75444 0.473068
0.749027 0.473108
0.744521 0.471648
0.742437 0.465702
0.738698 0.469779
0.735658 0.473076
0.740431 0.476933
0.734579 0.479789
0.734355 0.485538
0.738001 0.489793
0.743215 0.48715
0.742694 0.482699
0.746807 0.479835
0.75261 0.479592
0.753312 0.486143
0.748429 0.489303
0.748699 0.495748
0.743366 0.492864
0.74191 0.498016
0.742171 0.504535
0.74843 0.502268
0.749755 0.508857
0.742866 0.511075
0.739383 0.51611
0.737739 0.522392
0.732777 0.520112
0.727292 0.51615
0.732427 0.513343
0.736171 0.508774
0.730238 0.506472
0.72606 0.509058
0.723382 0.503887
0.723386 0.497742
0.729225 0.498866
0.735312 0.503239
0.736206 0.49838
0.73382 0.493845
0.728886 0.489693
0.722698 0.491174
0.716077 0.493654
0.710607 0.490638
0.705991 0.487402
0.70418 0.480493
0.700421 0.476085
0.694169 0.476191
0.688166 0.477038
0.683304 0.478918
0.677677 0.479138
0.671204 0.479135
0.663633 0.475271
0.663931 0.481864
0.656793 0.484945
0.654719 0.492434
0.657143 0.498103
0.661036 0.502549
0.66702 0.504529
0.66521 0.511613
0.660346 0.509742
0.65432 0.508648
0.655286 0.516082
0.655838 0.522477
0.649396 0.527619
0.655462 0.529892
0.659097 0.535155
0.665579 0.534476
0.666278 0.540623
0.673096 0.540011
0.676346 0.533622
0.681266 0.529885
0.687389 0.533262
0.692488 0.528338
0.687279 0.524259
0.683491 0.518884
0.678418 0.523091
0.672408 0.524943
0.668698 0.530163
0.663342 0.525465
0.663617 0.51834
0.670446 0.516895
0.677207 0.516159
0.68089 0.511134
0.672595 0.509635
0.673288 0.502257
0.679139 0.502931
0.683964 0.503502
0.690449 0.500746
0.696952 0.500564
0.693978 0.492376
0.688688 0.491502
0.68555 0.495759
0.679734 0.494633
0.672771 0.494526
0.66624 0.496864
0.663357 0.489521
0.670644 0.486788
0.677271 0.487206
0.68372 0.486837
0.689989 0.484132
0.695993 0.483839
0.699732 0.487645
0.700655 0.49395
0.705359 0.496921
0.710868 0.499538
0.717132 0.498866
0.716834 0.50388
0.718956 0.508772
0.721073 0.513846
0.713544 0.511332
0.710038 0.507247
0.704601 0.504977
0.699731 0.508057
0.694163 0.508602
0.688168 0.507074
0.688281 0.514029
0.692708 0.519726
0.697299 0.515417
0.704602 0.513595
0.709828 0.516994
0.71573 0.51839
0.716077 0.52449
0.722328 0.520403
0.727557 0.523815
0.73215 0.528345
0.733591 0.536516
0.737996 0.539188
0.736314 0.545347
0.742471 0.5421
0.746576 0.54609
0.741935 0.550636
0.736944 0.552428
0.739027 0.558501
0.746086 0.556973
0.752349 0.557823
0.749489 0.552148
0.75238 0.546095
0.756545 0.551393
0.761993 0.554422
0.758649 0.559702
0.753654 0.563492
0.755388 0.569023
0.759918 0.573674
0.766946 0.572261
0.770627 0.578101
0.764268 0.580028
0.758348 0.582466
0.754466 0.578597
0.750256 0.574541
0.746906 0.580794
0.74974 0.586361
0.749454 0.592507
0.751975 0.598874
0.758111 0.602235
0.757821 0.60836
0.749714 0.607416
0.745286 0.601577
0.743542 0.595488
0.738241 0.599468
0.732759 0.601247
0.72547 0.60203
0.726502 0.595246
0.72234 0.586856
0.727562 0.587979
0.733042 0.590973
0.737068 0.592719
0.742428 0.588708
0.739818 0.583606
0.733646 0.583144
0.728842 0.57797
0.721706 0.579579
0.715725 0.576589
0.71504 0.569826
0.720598 0.567523
0.723148 0.5728
0.729269 0.569671
0.735708 0.573377
0.740077 0.57774
0.743633 0.573243
0.748015 0.568018
0.745187 0.562736
0.740083 0.566884
0.734978 0.565
0.731739 0.561211
0.730573 0.555934
0.730063 0.549887
0.729645 0.543084
0.726409 0.53778
0.727035 0.532596
0.722761 0.527886
0.719202 0.53249
0.716597 0.537415
0.719631 0.542162
0.723975 0.545345
0.721921 0.55034
0.72286 0.555839
0.726514 0.562341
0.721288 0.561862
0.716732 0.559163
0.711485 0.555789
0.715031 0.549887
0.712243 0.543322
0.707821 0.548026
0.703466 0.551745
0.697634 0.5565
0.689565 0.556689
0.689176 0.564364
0.68309 0.560544
0.680255 0.567454
0.673306 0.563145
0.672327 0.556341
0.679134 0.555558
0.683097 0.551025
0.687896 0.548753
0.693919 0.550632
0.697294 0.546488
0.700655 0.542326
0.705357 0.539375
0.710856 0.536276
0.7119 0.529932
0.707942 0.524271
0.702522 0.520868
0.698108 0.524698
0.704401 0.5309
0.698529 0.53256
0.694541 0.53752
0.691284 0.542517
0.68544 0.540821
0.679904 0.541194
0.67576 0.548039
0.669523 0.548314
0.665198 0.551033
0.663612 0.556899
0.663547 0.563691
0.656604 0.560084
0.650789 0.561994
0.648464 0.56759
0.644265 0.571829
0.652032 0.574424
0.657304 0.568603
0.659091 0.575956
0.665328 0.575655
0.667027 0.569286
0.673084 0.571118
0.678917 0.575512
0.673695 0.579365
0.679038 0.584466
0.677987 0.591467
0.684172 0.593714
0.682378 0.599963
0.679135 0.606571
0.675599 0.599006
0.671562 0.603257
0.66632 0.606825
0.660131 0.609749
0.666321 0.613944
0.673278 0.611565
0.679135 0.613604
0.677724 0.619894
0.67467 0.624969
0.670773 0.619955
0.664932 0.621308
0.660494 0.626717
0.664747 0.630786
0.670498 0.63027
0.675365 0.632661
0.679536 0.637191
0.683336 0.641826
0.685323 0.64839
0.68049 0.651515
0.674669 0.654951
0.669795 0.651422
0.669097 0.645125
0.675687 0.644078
0.669501 0.638317
0.662418 0.638548
0.662075 0.644916
0.655129 0.648067
0.653111 0.64116
0.657635 0.635762
0.655401 0.63087
0.650318 0.633793
0.644281 0.633542
0.639875 0.630385
0.635438 0.626701
0.633094 0.632663
0.627361 0.634929
0.62077 0.634849
0.614647 0.637503
0.608112 0.637674
0.602296 0.633787
0.600968 0.640796
0.600019 0.647804
0.597901 0.653727
0.590831 0.656012
0.596028 0.661004
0.596555 0.66695
0.600626 0.671202
0.606287 0.671513
0.611175 0.66838
0.607179 0.663525
0.601776 0.661576
0.605445 0.656002
0.606651 0.64909
0.611062 0.6458
0.616501 0.646703
0.621086 0.643311
0.627532 0.643665
0.633601 0.6436
0.636258 0.637903
0.640248 0.6447
0.645389 0.64038
0.647476 0.647604
0.652211 0.655638
0.646138 0.654195
0.640076 0.652769
0.632808 0.651046
0.628311 0.657288
0.624642 0.650332
0.620888 0.655632
0.615099 0.653914
0.611575 0.658226
0.616731 0.662443
0.618068 0.668552
0.619918 0.673845
0.613502 0.675827
0.60689 0.679133
0.612735 0.683668
0.61853 0.68341
0.622774 0.679547
0.626588 0.686972
0.620818 0.690198
0.614831 0.691601
0.608978 0.691602
0.605421 0.685483
0.5985 0.687787
0.591348 0.691408
0.585174 0.687964
0.583496 0.6814
0.58908 0.680126
0.593329 0.683202
0.599829 0.679551
0.594642 0.674855
0.591075 0.670635
0.585827 0.673091
0.583739 0.667548
0.590021 0.663565
0.584965 0.660324
0.580139 0.655594
0.585235 0.650076
0.59166 0.649203
0.593592 0.642439
0.584559 0.643315
0.578929 0.639462
0.583704 0.634636
0.58936 0.637199
0.595701 0.633809
0.590545 0.629041
0.591457 0.622684
0.597563 0.620399
0.599788 0.627001
0.607012 0.627744
0.614061 0.629457
0.612927 0.621648
0.605441 0.620195
0.60458 0.612592
0.611041 0.614009
0.61753 0.611812
0.622145 0.615666
0.619351 0.621328
0.621348 0.627269
0.626564 0.626696
0.630495 0.624158
0.628675 0.618117
0.628417 0.611567
0.633612 0.606957
0.637296 0.61287
0.636383 0.619681
0.642148 0.621618
0.647965 0.620465
0.647809 0.626969
0.654227 0.625007
0.658436 0.62044
0.656808 0.615394
0.651085 0.616211
0.644814 0.613185
0.644692 0.606576
0.653166 0.608632
0.653904 0.603333
0.660494 0.60232
0.664936 0.598632
0.67119 0.594104
0.666493 0.59127
0.670772 0.586168
0.667015 0.580985
0.661819 0.584364
0.661021 0.590423
0.658664 0.595238
0.654233 0.597783
0.648229 0.598637
0.642164 0.598328
0.636839 0.601021
0.628407 0.600941
0.623759 0.60679
0.617961 0.603177
0.612124 0.606576
0.607284 0.603112
0.600911 0.599226
0.59947 0.606383
0.597274 0.612844
0.590306 0.614356
0.58519 0.620187
0.583319 0.626558
0.576504 0.631326
0.576841 0.624944
0.571687 0.621955
0.567312 0.626485
0.567563 0.633586
0.572376 0.638137
0.572038 0.64468
0.577874 0.648076
0.572557 0.653268
0.565588 0.654762
0.565477 0.647598
0.563861 0.640397
0.557753 0.636322
0.554976 0.641723
0.557982 0.648815
0.557411 0.657111
0.548661 0.65692
0.550812 0.651688
0.549584 0.645697
0.546714 0.640379
0.539497 0.639652
0.53653 0.632679
0.52975 0.636924
0.532724 0.642609
0.52581 0.646128
0.519666 0.64307
0.521913 0.636076
0.514801 0.635261
0.50884 0.6319
0.513861 0.626798
0.521737 0.627818
0.529863 0.62817
0.53695 0.624047
0.531944 0.619074
0.524219 0.619295
0.517594 0.614707
0.523767 0.610064
0.530298 0.60852
0.537136 0.611943
0.541377 0.617523
0.546981 0.613786
0.552368 0.618323
0.548675 0.624396
0.542815 0.626646
0.545202 0.633598
0.552178 0.631976
0.559824 0.629945
0.559129 0.622639
0.558052 0.615437
0.556792 0.608702
0.553484 0.602238
0.548183 0.597177
0.541759 0.596835
0.545557 0.606159
0.536466 0.603615
0.533877 0.59672
0.529732 0.590355
0.536621 0.587714
0.543583 0.586065
0.550844 0.584581
0.552835 0.591423
0.55898 0.594498
0.562639 0.600917
0.566168 0.607589
0.565774 0.616325
0.573078 0.614549
0.578827 0.615918
0.583785 0.613107
0.583043 0.606052
0.590546 0.605959
0.593582 0.599378
0.588677 0.594072
0.581895 0.596421
0.577895 0.601386
0.573577 0.606084
0.571745 0.596218
0.565859 0.592283
0.560709 0.585283
0.558594 0.577809
0.561152 0.569172
0.566655 0.564269
0.573266 0.564264
0.57771 0.569493
0.584349 0.576197
0.576409 0.578005
0.568593 0.572747
0.567517 0.57957
0.570992 0.585054
0.576283 0.589142
0.581942 0.586025
0.588199 0.58567
0.592997 0.580472
0.599411 0.583405
0.596857 0.591236
0.603638 0.591956
0.609617 0.594119
0.614827 0.595881
0.622145 0.596384
0.620066 0.588835
0.615316 0.584436
0.607547 0.585068
0.610287 0.577731
0.603914 0.575387
0.598424 0.571772
0.591675 0.571818
0.586398 0.567155
0.582165 0.560738
0.575007 0.557227
0.572878 0.550346
0.579527 0.550722
0.5856 0.55146
0.592454 0.550696
0.590878 0.56005
0.597517 0.562722
0.604576 0.564838
0.610521 0.568542
0.617976 0.568059
0.619327 0.561403
0.612586 0.556365
0.606028 0.557582
0.599171 0.552556
0.606659 0.548908
0.609383 0.541711
0.601267 0.54194
0.594544 0.540664
0.588023 0.542231
0.58112 0.541732
0.574058 0.542922
0.570254 0.537525
0.563453 0.534887
0.565116 0.527773
0.565145 0.520263
0.561703 0.514143
0.565913 0.50741
0.557369 0.506531
0.549113 0.510835
0.554632 0.518897
0.554799 0.528369
0.556685 0.537938
0.549639 0.538043
0.544898 0.53234
0.538986 0.537494
0.530303 0.536351
0.522397 0.533686
0.515667 0.539713
0.510711 0.546241
0.51897 0.549455
0.524429 0.543417
0.529627 0.55072
0.534946 0.545242
0.54268 0.545945
0.551148 0.545999
0.557621 0.55006
0.562954 0.543266
0.566356 0.549349
0.564873 0.556852
0.557348 0.560956
0.551435 0.555889
0.545627 0.554264
0.538641 0.555582
0.534539 0.561068
0.526479 0.557781
0.52397 0.565489
0.524686 0.573288
0.533686 0.568959
0.542407 0.566514
0.54899 0.564581
0.553934 0.570301
0.548859 0.576208
0.541162 0.575667
0.535349 0.578527
0.528921 0.580432
0.523456 0.584452
0.516972 0.580151
0.514235 0.573129
0.513377 0.564887
0.518492 0.558323
0.5115 0.555096
0.502641 0.553151
0.504331 0.560954
0.505229 0.569199
0.496094 0.567129
0.494403 0.558429
0.48643 0.557859
0.48643 0.566441
0.478398 0.565115
0.480126 0.572604
0.475481 0.577676
0.472293 0.585257
0.464121 0.585508
0.458554 0.588664
0.46312 0.596886
0.471628 0.593894
0.478333 0.596992
0.48123 0.589034
0.48491 0.581668
0.489811 0.574615
0.497363 0.576696
0.50452 0.578904
0.509671 0.584922
0.516963 0.589994
0.523091 0.594963
0.524739 0.601876
0.516302 0.60477
0.511471 0.599816
0.507576 0.594402
0.500699 0.589953
0.493761 0.585062
0.489717 0.59218
0.486144 0.59914
0.494574 0.5986
0.500462 0.601412
0.503293 0.608367
0.509403 0.611561
0.512545 0.619868
0.50461 0.623235
0.50046 0.617104
0.495693 0.610808
0.489562 0.612358
0.486648 0.606896
0.478486 0.606447
0.471217 0.602866
0.466448 0.60852
0.46138 0.615254
0.460649 0.622311
0.461068 0.630479
0.469334 0.630572
0.472559 0.637062
0.478781 0.638723
0.484866 0.641543
0.492521 0.639666
0.489907 0.633804
0.488244 0.627205
0.481815 0.631709
0.477888 0.624761
0.469436 0.621836
0.472313 0.61417
0.480237 0.615949
0.487346 0.6196
0.494644 0.623614
0.499629 0.630412
0.501894 0.636754
0.507224 0.640168
0.512092 0.644992
0.517504 0.651084
0.509644 0.653341
0.503489 0.647987
0.498265 0.642874
0.493917 0.648944
0.487667 0.648864
0.479934 0.648308
0.471832 0.646281
0.474578 0.653581
0.469194 0.656518
0.463954 0.658748
0.45843 0.66118
0.450953 0.662136
0.452482 0.654916
0.444365 0.652276
0.442069 0.658548
0.434806 0.655941
0.429822 0.651055
0.424459 0.644836
0.422079 0.636823
0.412776 0.635254
0.407354 0.630702
0.404751 0.621891
0.396667 0.621338
0.387769 0.621105
0.387677 0.613007
0.382077 0.607139
0.374894 0.61053
0.370899 0.602506
0.379325 0.597288
0.388059 0.59888
0.388115 0.589064
0.395637 0.581278
0.401141 0.570908
0.408608 0.579107
0.418834 0.576978
0.41353 0.56733
0.425058 0.566623
0.433027 0.57275
0.428312 0.579729
0.42235 0.587021
0.42215 0.596242
0.42409 0.603716
0.415107 0.605999
0.412141 0.597862
0.413748 0.58852
0.403919 0.589501
0.397199 0.595979
0.40371 0.60268
0.393783 0.605298
0.397848 0.612893
0.406285 0.610887
0.412533 0.615835
0.414547 0.624173
0.420673 0.628934
0.42927 0.632591
0.431889 0.640441
0.436779 0.646266
0.443954 0.644253
0.450243 0.642857
0.454885 0.647577
0.461632 0.650397
0.465725 0.642863
0.460815 0.638855
0.454262 0.636899
0.446327 0.634931
0.438903 0.635909
0.436569 0.627866
0.444495 0.625032
0.452557 0.627432
0.44942 0.617052
0.453604 0.610762
0.459453 0.604816
0.452844 0.600697
0.452491 0.592664
0.450586 0.583923
0.444711 0.589601
0.439574 0.596068
0.445733 0.601725
0.442233 0.608017
0.440532 0.61456
0.436646 0.619407
0.429673 0.62291
0.422617 0.620545
0.422522 0.612745
0.431407 0.610616
0.432755 0.6012
0.431038 0.591236
0.436796 0.584198
0.442323 0.576699
0.450968 0.576013
0.459238 0.575206
0.467286 0.575426
0.469107 0.566141
0.45994 0.56361
0.449947 0.566238
0.439389 0.566695
0.431588 0.557027
0.44142 0.557339
0.446098 0.549506
0.453313 0.555218
0.460454 0.551452
0.468339 0.555126
0.476998 0.557621
0.476778 0.549187
0.479166 0.541138
0.485296 0.53524
0.49324 0.538394
0.487498 0.548126
0.496152 0.548338
0.502636 0.543129
0.506928 0.535835
0.51438 0.53028
0.508019 0.524973
0.49994 0.522049
0.498268 0.531447
0.49038 0.523716
0.481606 0.526375
0.474453 0.520383
0.472931 0.509081
0.461171 0.51109
0.451069 0.517803
0.456094 0.529981
0.464174 0.522344
0.471032 0.531204
0.470571 0.538753
0.466394 0.544759
0.457866 0.540642
0.447999 0.539768
0.441515 0.529375
0.436102 0.543601
0.424369 0.545815
0.419138 0.555329
0.407093 0.557157
0.407514 0.54504
0.414617 0.534606
0.427641 0.533908
0.427024 0.52244
0.437886 0.51456
0.447767 0.502823
0.460989 0.49815
0.468822 0.486847
0.483136 0.487506
0.477784 0.499019
0.490103 0.50095
0.484477 0.512875
0.495773 0.512352
0.506083 0.513155
0.514655 0.51651
0.520497 0.523148
0.527846 0.523669
0.535743 0.527353
0.545368 0.523211
0.540834 0.515109
0.532198 0.51489
0.522979 0.511386
0.515452 0.503154
0.503712 0.502286
0.497564 0.491446
0.509729 0.490467
0.521276 0.490683
0.53082 0.484386
0.534996 0.493823
0.527091 0.500826
0.536028 0.505129
0.543209 0.500384
0.551026 0.499776
0.559766 0.497292
0.567993 0.497508
0.574415 0.491219
0.567329 0.486258
0.55953 0.487525
0.551155 0.488657
0.542287 0.488183
0.54245 0.47823
0.538105 0.470737
0.527947 0.47366
0.517221 0.477763
0.520305 0.463835
0.531209 0.459608
0.541142 0.459725
0.549498 0.458196
0.551265 0.467462
0.551696 0.47704
0.560217 0.478877
0.562579 0.471253
0.570234 0.476766
0.578114 0.474165
0.577136 0.48247
0.583138 0.486828
0.590398 0.487534
0.599472 0.486064
0.602462 0.479586
0.610376 0.481669
0.609196 0.488978
0.612385 0.496592
0.617981 0.48816
0.62599 0.485823
0.620513 0.478779
0.614661 0.474682
0.607898 0.473901
0.604294 0.468243
0.604732 0.461621
0.600741 0.455409
0.598291 0.44854
0.589942 0.453296
0.586088 0.460002
0.595198 0.461712
0.597107 0.472784
0.592348 0.479931
0.585945 0.476099
0.589679 0.468681
0.581741 0.46598
0.575009 0.465282
0.568509 0.465574
0.560407 0.461344
0.555415 0.452
0.556758 0.441797
0.549648 0.434652
0.545311 0.445869
0.535331 0.445775
0.523723 0.44808
0.512081 0.437915
0.505712 0.424007
0.510856 0.409517
0.521429 0.397303
0.529951 0.387855
0.529461 0.373937
0.540359 0.379143
0.542462 0.390936
0.536521 0.400905
0.548222 0.400312
0.54653 0.41037
0.536524 0.416225
0.527115 0.409181
0.523429 0.422699
0.526172 0.435154
0.53707 0.431722
0.545219 0.424216
0.552791 0.416959
0.562799 0.41755
0.557114 0.426063
0.562967 0.432061
0.569764 0.425955
0.573029 0.419074
0.578514 0.414902
0.583021 0.409666
0.587523 0.415316
0.584385 0.423446
0.579252 0.429434
0.573103 0.434774
0.566349 0.440205
0.5649 0.449384
0.569899 0.455724
0.578449 0.454887
0.574603 0.445189
0.582179 0.438164
0.583281 0.447147
0.590451 0.443155
0.597077 0.439909
0.60402 0.439388
0.608232 0.445753
0.607774 0.452913
0.614649 0.451547
0.620588 0.44914
0.626324 0.445121
0.627369 0.437642
0.621521 0.437656
0.616248 0.441496
0.609603 0.437264
0.611989 0.430353
0.618827 0.430523
0.626346 0.429038
0.621606 0.422054
0.614646 0.422083
0.608261 0.421845
0.603696 0.428204
0.598953 0.432156
0.589821 0.43247
0.593749 0.423838
0.601467 0.418493
0.594772 0.415874
0.594361 0.409494
0.595252 0.401585
0.586025 0.403631
0.588844 0.396043
0.58912 0.388277
0.595246 0.383001
0.593987 0.374902
0.586812 0.379317
0.579385 0.38244
0.580443 0.388889
0.580089 0.396309
0.575485 0.402656
0.569293 0.409262
0.558852 0.406558
0.557313 0.395478
0.566897 0.397928
0.571833 0.389347
0.56288 0.385993
0.55199 0.385908
0.549799 0.376678
0.557906 0.374494
0.564492 0.375547
0.57151 0.377683
0.579385 0.374932
0.580016 0.368652
0.588549 0.36936
0.587454 0.361843
0.584795 0.353964
0.592742 0.3535
0.592267 0.345946
0.59297 0.33899
0.595073 0.332161
0.596495 0.325373
0.595979 0.317675
0.599929 0.310719
0.593826 0.307044
0.588706 0.310552
0.581965 0.307697
0.575425 0.313475
0.57661 0.320527
0.585319 0.31746
0.590022 0.324534
0.582783 0.326213
0.58701 0.33237
0.584917 0.339671
0.581225 0.346099
0.573008 0.348961
0.575252 0.355976
0.578631 0.361874
0.571033 0.366463
0.562226 0.363895
0.566018 0.355157
0.558106 0.352126
0.550446 0.347221
0.54741 0.336319
0.558034 0.338444
0.564907 0.344046
0.572708 0.340479
0.577565 0.334199
0.572919 0.326418
0.566574 0.332585
0.556753 0.327712
0.564521 0.321561
0.56465 0.312802
0.554429 0.314839
0.5436 0.314897
0.545502 0.325501
0.532413 0.3322
0.515699 0.316126
0.513066 0.340757
0.525499 0.345632
0.538454 0.344352
0.541256 0.354991
0.551137 0.358954
0.55209 0.36716
0.541223 0.366632
0.529958 0.359595
0.516283 0.362284
0.501343 0.370638
0.516941 0.380339
0.508607 0.391908
0.494927 0.394294
0.485708 0.415281
0.490708 0.436536
0.469292 0.435022
0.473294 0.454892
0.489927 0.459436
0.499672 0.448862
0.512758 0.453749
0.505236 0.465159
0.505208 0.478119
0.493234 0.478011
0.479856 0.472306
0.463504 0.471817
0.450929 0.458895
0.448674 0.483649
0.426362 0.480974
0.432954 0.498782
0.421085 0.509523
0.408005 0.499184
0.406941 0.519515
0.396999 0.532612
0.38684 0.517739
0.377998 0.536558
0.364098 0.548599
0.378933 0.554754
0.392612 0.547455
0.395849 0.560088
0.388188 0.568173
0.383158 0.578379
0.376883 0.58705
0.367757 0.580481
0.374778 0.568451
0.361731 0.566232
0.353483 0.577254
0.356374 0.589163
0.367944 0.592671
0.361464 0.6003
0.351979 0.600848
0.344156 0.594292
0.340877 0.584018
0.339866 0.571674
End
