479 441
165.996492 194.835564 
165.153470 194.966395 
164.309404 195.090279 
163.463358 195.199742 
162.614672 195.286180 
161.763278 195.339094 
160.910331 195.345084 
160.059498 195.286623 
159.219411 195.141034 
158.407693 194.881393 
157.654707 194.483205 
156.975702 193.922927 
156.412511 193.245808 
155.963758 192.487641 
155.623203 191.674903 
155.384838 190.826443 
155.244933 189.956263 
155.202649 189.075918 
155.260089 188.196467 
155.422088 187.330185 
155.708460 186.441129 
156.087086 185.586981 
156.527800 184.762946 
157.002393 183.957820 
157.477870 183.153220 
157.892465 182.316441 
158.024974 181.404909 
157.432564 180.678380 
156.542171 180.319237 
155.595139 180.147203 
154.633853 180.090276 
153.671328 180.122951 
152.715259 180.239346 
151.820522 180.435757 
150.955214 180.735559 
150.145068 181.161632 
149.428690 181.730639 
148.849848 182.438738 
148.436669 183.254899 
148.187272 184.135581 
148.075953 184.982867 
148.037522 185.836861 
148.041036 186.691815 
148.065023 187.546478 
148.089836 188.401118 
148.089169 189.256027 
148.006135 190.106060 
147.613430 190.838781 
146.745998 190.825358 
145.914558 190.503055 
145.100019 190.139022 
144.282345 189.782123 
143.453872 189.451160 
142.611826 189.156523 
141.755915 188.905068 
140.887356 188.701625 
140.008362 188.549517 
139.121718 188.450766 
138.308789 188.406091 
137.494658 188.396471 
136.680642 188.414085 
135.867348 188.452888 
135.054989 188.507999 
134.243543 188.575286 
133.432840 188.651037 
132.622608 188.731688 
131.812496 188.813534 
131.002086 188.892370 
130.190920 188.962931 
129.378562 189.017893 
128.564865 189.045752 
127.751093 189.025509 
126.946116 188.909834 
126.220811 188.559693 
125.946574 187.771401 
126.170666 186.942643 
126.587527 186.188167 
127.098549 185.493278 
127.669315 184.846343 
128.284486 184.241389 
128.936287 183.676056 
129.620621 183.150567 
130.335466 182.667422 
131.080064 182.231581 
131.854373 181.851140 
132.658571 181.538532 
133.483083 181.310195 
134.326289 181.165159 
135.179325 181.098347 
136.035034 181.101478 
136.888530 181.163978 
137.737359 181.273316 
138.581610 181.414024 
139.424399 181.563359 
140.272837 181.673611 
141.108610 181.555290 
141.451842 180.763937 
141.298947 179.874454 
140.987825 179.024921 
140.595329 178.209426 
140.146016 177.423711 
139.648218 176.667771 
139.101121 175.946652 
138.494137 175.265512 
137.840487 174.628865 
137.164299 174.016018 
136.534840 173.357211 
136.344476 172.502883 
136.846969 171.748995 
137.516522 171.129196 
138.235562 170.566813 
138.975711 170.032369 
139.724251 169.509702 
140.472019 168.985908 
141.285399 168.392825 
142.083766 167.779685 
142.866975 167.147290 
143.637227 166.499160 
End
