479 441
165.996492 194.835564 
163.886679 195.147316 
161.763278 195.339094 
159.637277 195.226340 
157.654707 194.483205 
156.289809 193.062674 
155.491545 191.254180 
155.204002 189.296361 
155.422088 187.330185 
156.228491 185.309390 
157.321971 183.422942 
158.024974 181.404909 
155.595139 180.147203 
152.715259 180.239346 
150.677384 180.862480 
149.025201 182.188681 
148.187272 184.135581 
148.036631 186.406848 
148.094203 188.686085 
147.613430 190.838781 
145.506875 190.321967 
143.453872 189.451160 
141.323097 188.797106 
139.121718 188.450766 
137.262034 188.399016 
135.403026 188.482661 
133.548619 188.639832 
131.696752 188.825089 
129.842933 188.988935 
127.983381 189.038137 
126.220811 188.559693 
126.322303 186.632653 
127.551265 184.972242 
129.070640 183.567724 
130.778667 182.399804 
132.658571 181.538532 
134.752075 181.122431 
136.888530 181.163978 
139.002845 181.489597 
141.108610 181.555290 
141.207081 179.587053 
140.301375 177.682395 
139.101121 175.946652 
137.502849 174.321939 
136.344476 172.502883 
138.235562 170.566813 
140.472019 168.985908 
142.477196 167.465748 
End
