0.3 0.0 0.55 0.0 0.0 0.0 1.0
0.29489936524599575 -0.0006276167072712518 0.5249373949654379 -0.0006913837837872285 -0.017145966838103228 -0.008391641086272472 0.9998175424393841
0.28979873049199145 -0.0012552334145425035 0.49987478993087575 -0.0013825152711771785 -0.034285676853639084 -0.01678021993582061 0.9992702363390588
0.2846980957379872 -0.0018828501218137552 0.47481218489631366 -0.002073142257839341 -0.051412875507249364 -0.025162675429376564 0.9983582814192963
0.2795974609839829 -0.002510466829085007 0.4497495798617515 -0.0027630127235431542 -0.06852131282516105 -0.03353594868217769 0.9970820104662366
0.2744968262299787 -0.0031380835363562587 0.42468697482718937 -0.0034518749241239893 -0.08560474567989615 -0.04189698416019983 0.9954418892104493
0.2693961914759744 -0.0037657002436275104 0.3996243697926273 -0.004139477483348408 -0.10265694006848342 -0.050242730795167875 0.9934385161569813
0.26429555672197014 -0.004393316950898762 0.37456176475806513 -0.004825569484645156 -0.11967167338734029 -0.058570143097936796 0.9910726223669535
0.25919492196796584 -0.005020933658170014 0.349499159723503 -0.0055099005626684 -0.13664273670299498 -0.06687618226983653 0.9883450711907846
0.2540942872139616 -0.005648550365441266 0.32443655468894084 -0.006192220994659841 -0.15356393701782026 -0.07515781731157577 0.9852568579531431
0.24899365245995733 -0.0062761670727125175 0.2993739496543787 -0.006872281791576319 -0.17042909952995172 -0.08341202612929918 0.9818091095897369
0.24389301770595306 -0.0069037837799837696 0.27431134461981654 -0.007549834788949685 -0.18723206988656682 -0.0916357966373954 0.9780030842360782
0.2387923829519488 -0.007531400487255021 0.24924873958525445 -0.008224632737445756 -0.20396671642970066 -0.0998261278576525 0.9738401707683699
0.23369174819794453 -0.008159017194526273 0.22418613455069225 -0.008896429393089357 -0.2206269324337813 -0.10798003101436031 0.9693218882966852
0.22859111344394029 -0.008786633901797524 0.19912352951613016 -0.009564979607122446 -0.23720663833406583 -0.11609453062495988 0.9644498856106196
0.223490478689936 -0.009414250609068775 0.174060924481568 -0.010230039415462615 -0.25369978394516557 -0.12416666558584204 0.9592259405776244
0.21838984393593175 -0.010041867316340028 0.14899831944700587 -0.010891366127729285 -0.2701003506688504 -0.13219349025289895 0.9536519594942341
0.21328920918192745 -0.01066948402361128 0.12393571441244372 -0.011548718415805072 -0.28640235369032613 -0.14017207551643415 0.9477299763904322
0.2081885744279232 -0.011297100730882532 0.09887310937788157 -0.012201856401900081 -0.30259984416218383 -0.14809950987003895 0.9414621522874003
0.20308793967391892 -0.011924717438153784 0.07381050434331943 -0.012850541746086937 -0.31868691137522437 -0.15597290047304513 0.934850774408931
0.19798730491991468 -0.012552334145425035 0.048747899308757336 -0.013494537733274617 -0.3346576849153652 -0.1637893742061662 0.9278982553467844
0.19288667016591038 -0.013179950852696288 0.02368529427419519 -0.014133609359589391 -0.3505063368058439 -0.17154607871994235 0.9206071321802969
0.18778603541190614 -0.013807567559967539 -0.0013773107603669565 -0.014767523418131263 -0.3662270836339345 -0.1792401834756055 0.9129800655505627
0.18367747873980925 -0.012217981051065342 -0.02685868039861663 -0.014271844903306775 -0.38214628694857194 -0.18315759601812268 0.9056565711324233
0.17956892206771236 -0.010628394542163145 -0.0523400500368663 -0.013771561628776286 -0.39794219213070714 -0.18701591341746066 0.8980408698612471
0.17546036539561546 -0.009038808033260948 -0.07782141967511597 -0.013266835009148749 -0.4136097026880369 -0.19081389080131217 0.8901354189158067
0.17135180872351857 -0.0074492215243587515 -0.10330278931336564 -0.012757827892662523 -0.42914376355432443 -0.19455030276586016 0.8819427689615714
0.16724325205142165 -0.005859635015456555 -0.12878415895161532 -0.012244704508642967 -0.44453936272039835 -0.1982239437711498 0.8734655633277425
0.16313469537932476 -0.004270048506554358 -0.15426552858986498 -0.011727630414514427 -0.4597915328512595 -0.2018336285300518 0.8647065371543936
0.15902613870722787 -0.002680461997652161 -0.17974689822811465 -0.011206772442383746 -0.47489535288877405 -0.20537819239069097 0.855668516509988
0.15491758203513098 -0.0010908754887499633 -0.20522826786636433 -0.010682298645212458 -0.48984594963943495 -0.20885649171221696 0.8463544174795563
0.15824191791614742 0.0029771028140732625 -0.23430135586901701 -0.00797521710669128 -0.5026516587424195 -0.20115316981916032 0.8407229675388317
0.16156625379716383 0.007045081116896488 -0.2633744438716697 -0.0052660431194482046 -0.5153254876963342 -0.19339707159569625 0.8348709380608529
0.16489058967818027 0.011113059419719712 -0.2924475318743223 -0.002555487486408243 -0.5278641112829636 -0.18559023200057234 0.8287998644359973
0.16821492555919668 0.015181037722542938 -0.321520619876975 0.0001557386270027539 -0.540264239757772 -0.17773469930549257 0.822511339525008
0.17153926144021311 0.019249016025366165 -0.3505937078796277 0.0028669238794457436 -0.55252261971303 -0.16983253455771466 0.8160070132410766
0.17733537831551444 0.018374704422374582 -0.3798588395595971 0.002715411046362103 -0.5603795677753339 -0.16225551512827496 0.8121825622193803
0.18313149519081573 0.017500392819383002 -0.40912397123956645 0.002563534912357361 -0.5681615414011111 -0.15465678717033132 0.8082494474749844
0.18892761206611705 0.01662608121639142 -0.43838910291953587 0.002411315797279391 -0.5758674994226938 -0.1470373673347035 0.8042081952281132
0.19472372894141837 0.015751769613399837 -0.4676542345995053 0.0022587740668642727 -0.583496410842712 -0.13939827504062388 0.8000593461669492
0.20130349588257973 0.014767284012562347 -0.5009258449370362 0.0021194663105131785 -0.5920248810590943 -0.13080101813919295 0.7952315019686241
0.2078832628237411 0.013782798411724858 -0.5341974552745671 0.001979798297628581 -0.6004527217772204 -0.12218152831943739 0.7902684882029365
0.21446302976490242 0.012798312810887367 -0.567469065612098 0.001839793768297272 -0.6087785004738805 -0.11354127068014529 0.7851711484587302
0.22104279670606378 0.011813827210049878 -0.600740675949629 0.0016994765198054644 -0.6170008019738689 -0.10488171385011731 0.7799403491569231
0.22762256364722513 0.010829341609212388 -0.6340122862871599 0.0015588704025938478 -0.6251182286905284 -0.09620432973853636 0.7745769794032372
0.23420233058838646 0.009844856008374897 -0.6672838966246908 0.0014179993162036068 -0.6331294008633053 -0.08751059328477963 0.7690819508370724
0.24078209752954782 0.008860370407537408 -0.7005555069622217 0.001276887205214092 -0.6410329567922746 -0.07880198220771548 0.7634561974765506
0.24736186447070918 0.007875884806699918 -0.7338271172997526 0.0011355580551728388 -0.6488275530695949 -0.07007997675452819 0.7577006755597556
0.25394163141187054 0.006891399205862429 -0.7670987276372836 0.0009940358885186205 -0.6565118648078543 -0.06134605944911264 0.751816363382197
0.2605213983530319 0.00590691360502494 -0.8003703379748145 0.0008523447604982323 -0.664084585865268 -0.05260171484008223 0.7458042611305244
0.26710116529419325 0.0049224280041874485 -0.8336419483123454 0.0007105087550776971 -0.6715444290676903 -0.04384842924843245 0.7396653907125194
0.2736809322353546 0.003937942403349959 -0.8669135586498763 0.0005685519808485899 -0.6788901264274025 -0.035087690514903375 0.7334007955833978
0.28026069917651597 0.00295345680251247 -0.9001851689874072 0.00042649856693017954 -0.6861204293586384 -0.026320987747083774 0.727011540568448
0.2868404661176773 0.0019689712016749787 -0.9334567793249382 0.00028437265886807633 -0.6932341088898134 -0.017549811066299797 0.7204987116820366
0.29342023305883863 0.0009844856008374894 -0.9667283896624691 0.00014219841453009141 -0.7002299558724188 -0.008775651354331502 0.7138634159430138
0.3 0.0 -1.0 0.0 -0.7071067811865475 0.0 0.7071067811865476