0.31 0.0 0.55 0.0 0.0 0.0 1.0
0.28965787828766754 -0.002157769521703115 0.5230318205014719 0.0001964563131047469 0.0025172210534353894 -0.015228779348282805 0.9998808475426693
0.28565328077260244 -0.004837816206488495 0.49966599888837165 -0.0003511781717135908 -0.016504412752184363 -0.018395886255181893 0.9996944895329191
0.28164868325753734 -0.007517862891273875 0.47630017727527146 -0.0008986819523177762 -0.035519903817529876 -0.021556146438536393 0.9991360574787912
0.27764408574247224 -0.010197909576059256 0.4529343556621712 -0.0014458512545066971 -0.05452217480973539 -0.024708383688214094 0.9982057592218563
0.2736394882274071 -0.012877956260844635 0.429568534049071 -0.0019924824285680086 -0.07350415331628438 -0.027851424780120426 0.9969039410077308
0.269634890712342 -0.015558002945630017 0.4062027124359708 -0.0025383720250740675 -0.09245877447727502 -0.030984099912858113 0.995231087357209
0.2656302931972769 -0.018238049630415396 0.38283689082287053 -0.0030833168706033078 -0.11137898361487435 -0.034105243143112904 0.9931878208859298
0.2616256956822118 -0.02091809631520078 0.35947106920977034 -0.0036271141433589114 -0.13025773885898304 -0.03721369281960341 0.9907749020726474
0.2576210981671467 -0.023598142999986155 0.33610524759667015 -0.004169561448656587 -0.1490880137681332 -0.04030829201543348 0.9879932289761895
0.2536165006520815 -0.02627818968477154 0.3127394259835699 -0.004710456894253398 -0.1678627999446438 -0.04338788895868622 0.9848438369012118
0.24961190313701642 -0.028958236369556918 0.28937360437046966 -0.0052495991654895775 -0.18657510964306034 -0.04645133746109938 0.9813278980128695
0.24560730562195132 -0.0316382830543423 0.26600778275736947 -0.0057867876002153885 -0.20521797837090847 -0.04949749734466262 0.9774467209005525
0.24160270810688622 -0.03431832973912768 0.24264196114426922 -0.006321822263475105 -0.2237844674807924 -0.05252523486597776 0.9732017500908439
0.23915556718393477 -0.03622900006883199 0.21831117549944548 -0.0069482786179653425 -0.24386825216570376 -0.05301509319383664 0.9683333087855343
0.23670842626098332 -0.03813967039853631 0.19398038985462174 -0.00757176324554736 -0.2638477362192115 -0.053482277362000945 0.9630507185509624
0.23426128533803184 -0.040050340728240624 0.16964960420979797 -0.008192009486499152 -0.2837143745650977 -0.05392658755928868 0.9573562387115463
0.2318141444150804 -0.04196101105794494 0.14531881856497425 -0.008808752066132512 -0.3034596703904112 -0.05434783375754445 0.9512523047538141
0.22936700349212893 -0.043871681387649256 0.12098803292015048 -0.00942172720824903 -0.3230751787794915 -0.05474583579291311 0.9447415272847637
0.22691986256917746 -0.04578235171735358 0.09665724727532674 -0.010030672747955207 -0.3425525103257959 -0.05512042344289454 0.9378266909153286
0.224472721646226 -0.047693022047057894 0.07232646163050296 -0.010635328243788414 -0.361883334719986 -0.05547143649914647 0.9305107530694154
0.22202558072327455 -0.04960369237676221 0.04799567598567925 -0.011235435089105779 -0.38105938431273917 -0.05579872483600444 0.922796842719041
0.2195784398003231 -0.051514362706466525 0.023664890340855504 -0.011830736622688293 -0.4000724576507598 -0.056102148474689396 0.9146882590460913
0.21713129887737165 -0.05342503303617084 -0.0006658953039682669 -0.012420978238512927 -0.4189144229844806 -0.05638157764317561 0.9061884700312868
0.21468415795442017 -0.05533570336587516 -0.024996680948791983 -0.01300590749464571 -0.4375772217459505 -0.05663689283169317 0.8973011109709533
0.21223701703146872 -0.05724637369557947 -0.04932746659361577 -0.01358527422120926 -0.456052871995424 -0.05686798484384141 0.8880299829222323
0.21155318893839345 -0.05802660930011831 -0.07213944233310668 -0.013593889069441957 -0.47398802761975023 -0.054759975072720415 0.878721742637077
0.21086936084531818 -0.05880684490465716 -0.0949514180725976 -0.013596892945838707 -0.49172754140383734 -0.05262936274273632 0.8690508038684792
0.21364351198901646 -0.05733675997272433 -0.11335202922279353 -0.012376226360795965 -0.507505702702166 -0.046199128351379175 0.8603199586696917
0.21641766313271474 -0.05586667504079151 -0.13175264037298945 -0.011151005126765982 -0.5230970937954705 -0.0397518919428463 0.8512725019841529
0.21919181427641302 -0.05439659010885868 -0.1501532515231854 -0.00992168014473344 -0.538495976802786 -0.03329002620311826 0.8419117634204397
0.22588884496323758 -0.054044727345102746 -0.17938249466785344 -0.008685276658039932 -0.5538070290898357 -0.026166787513993428 0.8321884640700452
0.23258587565006214 -0.05369286458134681 -0.2086117378125215 -0.0074455619956447505 -0.5689069479322828 -0.019033572996300485 0.822147901110219
0.23740664143645807 -0.052828112017542346 -0.2352400517394703 -0.0066373515023022776 -0.5793396223441746 -0.014677410569488286 0.8149270649365618
0.24222740722285396 -0.05196335945373788 -0.2618683656664191 -0.005827942233415571 -0.5896676619223031 -0.01031859724783689 0.8075590443572812
0.2474042516710961 -0.05046842950196624 -0.29563883142387126 -0.005037281325434309 -0.6003682026306038 -0.006361307455804349 0.7996825500374503
0.2525810961193382 -0.0489734995501946 -0.3294092971813234 -0.0042456490985364435 -0.6109529767270223 -0.0024027910381642665 0.7916518561131208
0.2559586787005536 -0.046092705459006685 -0.3688558091118338 -0.003997156710124119 -0.6169029909325805 -0.0022621587649660434 0.7870257970069301
0.259336261281769 -0.04321191136781877 -0.40830232104234415 -0.003748436944980039 -0.6228179128472773 -0.0021213978097310644 0.7823549682390748
0.2627138438629844 -0.04033111727663085 -0.44774883297285456 -0.0034995039514329816 -0.6286974060030405 -0.001980516179592469 0.7776396355078644
0.2660914264441998 -0.03745032318544293 -0.4871953449033649 -0.0032503718899411444 -0.6345411359471491 -0.0018395218885479433 0.7728800670431992
0.2694690090254152 -0.034569529094255015 -0.5266418568338753 -0.0030010549322866285 -0.6403487702612587 -0.0016984229570038464 0.7680765335913122
0.2728465916066306 -0.0316887350030671 -0.5660883687643857 -0.002751567260769281 -0.646119978580311 -0.0015572274113189709 0.7632293083993679
0.276224174187846 -0.028807940911879177 -0.6055348806948961 -0.002501923067399944 -0.6518544326113264 -0.0014159432833479695 0.7583386671999187
0.2796017567690614 -0.02592714682069126 -0.6449813926254064 -0.0022521365530931443 -0.6575518061520789 -0.001274578609984463 0.75340488819522
0.2829793393502768 -0.023046352729503342 -0.684427904555917 -0.0020022219268592796 -0.6632117751096525 -0.0011331414327038667 0.748428252041405
0.2863569219314922 -0.020165558638315425 -0.7238744164864273 -0.0017521934049963474 -0.668834017518876 -0.0009916397971059538 0.7434090418325191
0.2897345045127076 -0.017284764547127504 -0.7633209284169378 -0.001502065210281254 -0.6744182135606388 -0.0008500817524571835 0.7383475430844169
0.293112087093923 -0.014403970455939587 -0.8027674403474481 -0.0012518515711607572 -0.6799640455800836 -0.0007084753512328226 0.7332440437185199
0.2964896696751384 -0.011523176364751676 -0.8422139522779584 -0.0010015667209420885 -0.6854711981046749 -0.0005668286486588839 0.7280988340454391
0.2998672522563538 -0.008642382273563752 -0.8816604642084688 -0.0007512248969832938 -0.690939357862147 -0.00042514970225390584 0.7229122067484606
0.3032448348375692 -0.005761588182375835 -0.9211069761389792 -0.0005008403398833496 -0.6963682137983214 -0.0002834465713706057 0.7176844568668953
0.3066224174187846 -0.0028807940911879173 -0.9605534880694896 -0.0002504272926720904 -0.7017574570948033 -0.00014172731673742532 0.7124158817792976
0.31 0.0 -1.0 0.0 -0.7071067811865475 0.0 0.7071067811865476