0.31 0 0.55 0 0 0 1 
0.285689 -0.0385756 0.456943 0.0169271 -0.022994 0.0415434 0.998729 
0.314812 0.0372944 0.344234 0.030209 -0.0239865 0.0486393 0.998071 
0.25979 0.103358 0.356534 -0.00309552 -0.000753163 0.102073 0.994772 
0.286444 0.156645 0.278141 -0.0224257 0.0262274 0.146239 0.988647 
0.219637 0.167416 0.294082 -0.0198281 -0.00200304 0.224542 0.974261 
0.210935 0.130577 0.219107 -0.00422392 -0.0666684 0.245326 0.967136 
0.182002 0.0652119 0.209349 0.00259485 -0.147557 0.249323 0.957109 
0.173357 0.0862119 0.121631 0.00782017 -0.209321 0.239288 0.948085 
0.193901 0.0942934 0.116084 0.106805 -0.286379 0.205531 0.929697 
0.17434 0.075632 0.0887438 0.068273 -0.374028 0.255686 0.888857 
0.18768 0.0681944 -0.0183218 0.0619844 -0.411678 0.232135 0.879086 
0.163357 0.0487651 -0.00814082 0.067406 -0.516019 0.2431 0.818586 
0.180204 0.0431627 -0.122092 0.0599089 -0.541401 0.216061 0.810317 
0.197052 0.0375602 -0.236044 0.0523219 -0.565972 0.188699 0.800831 
0.213899 0.0319577 -0.349996 0.0446564 -0.589694 0.161053 0.790145 
0.230746 0.0263552 -0.463947 0.036924 -0.612531 0.133166 0.778273 
0.190945 -0.0271918 -0.507294 0.0100346 -0.640248 0.0709197 0.764822 
0.162087 0.0130865 -0.563933 -0.049842 -0.661125 0.0272507 0.748122 
0.203938 0.00938376 -0.687315 -0.0357599 -0.674621 0.0195515 0.737038 
0.245789 0.00568104 -0.810697 -0.0216577 -0.687737 0.0118412 0.72554 
0.28764 0.00197832 -0.934079 -0.00754338 -0.700467 0.00412429 0.713633 
0.31 0 -1 0 -0.707107 0 0.707107 

