0.31 0.0 0.55 0.0 0.0 0.0 1.0
0.30326431536456305 0.0011865892188657624 0.5225889369433352 0.0023167223610265756 -0.01821483805720867 0.005403047600234442 0.9998168129956013
0.2965286307291261 0.0023731784377315247 0.49517787388667045 0.004632595935194472 -0.03642300267117872 0.010804115664259864 0.9992673190973621
0.28979294609368916 0.003559767656597287 0.46776681083000565 0.006946772246618452 -0.05461782284364769 0.01620122538111786 0.9983517196255653
0.2830572614582522 0.0047463568754630495 0.44035574777334086 0.009258403441246236 -0.07279263246540965 0.021592399390085542 0.9970703500320596
0.2763215768228153 0.005932946094328812 0.412944684716676 0.011566642597490186 -0.09094077275860435 0.026975662505129127 0.9954236797773595
0.26958589218737833 0.007119535313194574 0.38553362166001126 0.013870644036517369 -0.10905559471632034 0.032349042438560745 0.9934123121586474
0.2628502075519414 0.008306124532060337 0.3581225586033464 0.016169563632084293 -0.12713046153861834 0.03771057052363339 0.9910369840887414
0.2580473156483214 0.009315223768620793 0.333313995992345 0.01774467987305274 -0.14464203774924922 0.04409361565327336 0.9883418236169962
0.2532444237447014 0.01032432300518125 0.3085054333813436 0.019313458717873898 -0.16210195600384333 0.050460913036999615 0.9852936833389089
0.24844153184108145 0.011333422241741706 0.2836968707703422 0.020875339887462534 -0.1795039806069996 0.05681018863627232 0.9818936518778071
0.24363863993746146 0.01234252147830216 0.25888830815934083 0.022429765566192923 -0.19684189653965523 0.06313917484891389 0.9781429435326493
0.2388357480338415 0.013351620714862617 0.23407974554833938 0.023976180601119047 -0.21410951167873898 0.06944561131896825 0.9740428978443453
0.2340328561302215 0.014360719951423073 0.20927118293733799 0.025514032700243838 -0.23130065900864738 0.07572724574397205 0.969594979117347
0.22922996422660152 0.015369819187983528 0.18446262032633662 0.027042772629766638 -0.248409198823754 0.08198183467934989 0.964800775896684
0.22442707232298156 0.016378918424543986 0.1596540577153352 0.028561854410238466 -0.26542902092116505 0.0882071443396458 0.9596620004006229
0.21962418041936158 0.01738801766110444 0.1348454951043338 0.030070735511554973 -0.2823540467829383 0.09440095139630499 0.9541804879091613
0.21482128851574162 0.0183971168976649 0.11003693249333238 0.031568877046717556 -0.2991782317469858 0.10056104377172116 0.9483581961085685
0.21001839661212163 0.019406216134225353 0.08522836988233096 0.033055743964293276 -0.31589556716588585 0.10668522142926556 0.9421972043922117
0.20521550470850164 0.020415315370785808 0.06041980727132956 0.03453080523950498 -0.3325000825528312 0.11277129715901554 0.935699713117913
0.20041261280488168 0.021424414607346266 0.03561124466032822 0.035993534063883365 -0.34898584771395014 0.11881709735890231 0.9288680428221076
0.1956097209012617 0.02243351384390672 0.010802682049326828 0.03744340803341311 -0.36534697486623596 0.12482046281099869 0.9217046333910777
0.19080682899764173 0.023442613080467176 -0.014005880561674622 0.038879909335106086 -0.38157762074033 0.1307792494526697 0.9142120431895651
0.18600393709402174 0.024451712317027634 -0.038814443172676016 0.04030252493193485 -0.3976719886674072 0.13669132914231022 0.9063929481470654
0.18120104519040175 0.025460811553588092 -0.06362300578367738 0.04171074674606047 -0.41362433064941834 0.14255459041939714 0.8982501408021399
0.1808439844591035 0.024567056156566965 -0.0879528443588413 0.03983540718369827 -0.4292644345057458 0.1470061511355412 0.8902439986494068
0.1804869237278052 0.023673300759545834 -0.11228268293400523 0.03794684049538397 -0.44476200348811606 0.15140889927477755 0.8819422559159159
0.18012986299650693 0.022779545362524706 -0.13661252150916914 0.036045673769208836 -0.4601118917147276 0.15576137292901265 0.8733476691492841
0.17977280226520864 0.021885789965503576 -0.16094236008433307 0.034132538277036786 -0.4753090023403545 0.1600621268835167 0.8644630921343652
0.17941574153391038 0.02099203456848245 -0.18527219865949698 0.032208069264894085 -0.49034828924872587 0.1643097330967994 0.8552914749456667
0.18087969598405912 0.019749355409508968 -0.21382206441409 0.030319937453813495 -0.5041897715985917 0.1649550986483744 0.8471500404521398
0.18234365043420786 0.018506676250535484 -0.24237193016868297 0.02842386633291926 -0.5178992312881968 0.1655572705213509 0.8387867787652018
0.1838076048843566 0.017263997091562004 -0.270921795923276 0.026520352390572585 -0.5314730784800618 0.16611609103634487 0.8302038798143565
0.1871322479305411 0.01577170032586074 -0.3009883734600576 0.024876720082391834 -0.5423084150526593 0.16264626679297445 0.8239107498141551
0.19045689097672555 0.01427940356015948 -0.33105495099683924 0.023228815217157573 -0.553050610582698 0.15914850818156379 0.8174761137925037
0.19378153402291004 0.01278710679445822 -0.36112152853362084 0.02157692082123067 -0.5636978201065683 0.15562341593939572 0.810901076893064
0.19865790560948948 0.011581896171536455 -0.3999222108114161 0.020063613063612786 -0.5739568467346169 0.14970048308628645 0.8048358558619402
0.20353427719606892 0.010376685548614692 -0.4387228930892114 0.018546705778095134 -0.5841129021940863 0.14375069310311947 0.7986262426364134
0.20841064878264837 0.009171474925692927 -0.4775235753670067 0.017026471106593458 -0.5941641644300525 0.13777511341653298 0.7922733512569105
0.2127887794119522 0.008556113529560929 -0.5098454686307344 0.016095247797359182 -0.6006895604932747 0.1320667811648053 0.7883345484155224
0.21716691004125604 0.00794075213342893 -0.5421673618944622 0.015162551013327332 -0.6071599651118358 0.12634635856963636 0.7843235757570696
0.22154504067055988 0.007325390737296933 -0.5744892551581899 0.014228466140272776 -0.6135747859383388 0.12061436931967194 0.7802408004748499
0.22592317129986372 0.006710029341164934 -0.6068111484219177 0.013293078691046062 -0.6199334357139271 0.11487133816245297 0.7760865963354909
0.23152829321320614 0.006262694051753939 -0.6463570718604565 0.012413758571224101 -0.6262683775864566 0.1072727463550371 0.7720922067491748
0.23713341512654856 0.005815358762342943 -0.6859029952989953 0.01153301585405987 -0.6325315500811306 0.0996618612584464 0.7680093366019546
0.24273853703989098 0.0053680234729319475 -0.7254489187375341 0.01065095147129305 -0.6387222354481642 0.09203955506822482 0.7638384537843715
0.2483436589532334 0.004920688183520951 -0.764994842176073 0.009767666506124146 -0.6448397242446838 0.08440670128875598 0.7595800362730818
0.2539487808665758 0.004473352894109956 -0.8045407656146117 0.008883262181630497 -0.650883315416029 0.07676417463316065 0.7552345720760805
0.25955390277991824 0.004026017604698961 -0.8440866890531507 0.00799783984916627 -0.6568523163760911 0.06911285092305611 0.7508025591767772
0.26515902469326064 0.0035786823152879647 -0.8836326124916895 0.007111500976747759 -0.6627460430866838 0.06145360698818838 0.7462845054769275
0.2707641466066031 0.0031313470258769694 -0.9231785359302283 0.006224347137425303 -0.6685638201359322 0.05378732056594884 0.7416809287384284
0.2763692685199455 0.002684011736465974 -0.962724459368767 0.005336479997643177 -0.6743049808156731 0.04611487020078692 0.7369923565239832
0.2819743904332879 0.002236676447054978 -1.0022703828073058 0.004448001305588773 -0.6799688671978605 0.03843713514353029 0.7322193261366446
0.2875795123466303 0.0017893411576439828 -1.0418163062458445 0.0035590128795324172 -0.6855548302099618 0.03075499525062408 0.7273623845582393
0.29318463425997277 0.0013420058682329867 -1.0813622296843834 0.002669616596159156 -0.6910622297093408 0.023069330883300678 0.722422088386686
0.29878975617331516 0.0008946705788219914 -1.1209081531229224 0.0017799143788938532 -0.6964904345566175 0.0153810228066918 0.7173990037722091
0.30439487808665755 0.00044733528941099526 -1.1604540765614613 0.0008900081862209116 -0.7018388226879949 0.0076909520888940545 0.7122937063524595
0.31 0.0 -1.2 1.232595164407831e-32 -0.7071067811865476 1.232595164407831e-32 0.7071067811865475
