0.688304 0.000242207 0.14774 0.0153711 0.999879 0.000894205 -0.00218361
0.688503 0.000106506 0.148909 0.0185246 0.999687 0.000348089 0.0168403
0.688702 -2.91955e-05 0.150077 0.0216712 0.999122 -0.000198157 0.0358579
0.688902 -0.000164897 0.151245 0.0248098 0.998185 -0.000744328 0.0548621
0.689101 -0.000300598 0.152413 0.0279391 0.996877 -0.00129022 0.073846
0.689301 -0.000436299 0.153581 0.0310581 0.995198 -0.00183564 0.0928023
0.6895 -0.000572001 0.15475 0.0341655 0.993149 -0.00238037 0.111724
0.6897 -0.000707702 0.155918 0.0372601 0.99073 -0.00292421 0.130604
0.689899 -0.000843403 0.157086 0.0403409 0.987942 -0.00346697 0.149436
0.690098 -0.000979105 0.158254 0.0434067 0.984787 -0.00400844 0.168212
0.690298 -0.00111481 0.159423 0.0464563 0.981265 -0.00454841 0.186925
0.690497 -0.00125051 0.160591 0.0494886 0.977377 -0.00508669 0.205569
0.690697 -0.00138621 0.161759 0.0525026 0.973126 -0.00562308 0.224137
0.690818 -0.00148349 0.162976 0.0529774 0.968252 -0.0062503 0.244219
0.69094 -0.00158077 0.164192 0.0534296 0.962963 -0.00687484 0.264197
0.691061 -0.00167804 0.165408 0.0538589 0.957262 -0.00749644 0.284063
0.691183 -0.00177532 0.166625 0.0542652 0.951153 -0.00811484 0.303806
0.691305 -0.0018726 0.167841 0.0546483 0.944636 -0.00872977 0.32342
0.691426 -0.00196988 0.169058 0.0550081 0.937715 -0.00934096 0.342895
0.691548 -0.00206716 0.170274 0.0553443 0.930393 -0.00994815 0.362224
0.691669 -0.00216444 0.171491 0.0556568 0.922674 -0.0105511 0.381398
0.691791 -0.00226171 0.172707 0.0559455 0.914559 -0.0111495 0.400409
0.691912 -0.00235899 0.173924 0.0562103 0.906054 -0.0117432 0.419248
0.692034 -0.00245627 0.17514 0.0564511 0.897161 -0.0123318 0.437909
0.692155 -0.00255355 0.176357 0.0566677 0.887884 -0.0129152 0.456381
0.692189 -0.00259418 0.177497 0.0545458 0.87857 -0.0129271 0.474312
0.692222 -0.0026348 0.178638 0.0524013 0.868894 -0.0129338 0.492047
0.692083 -0.00256255 0.179558 0.0459591 0.860158 -0.011715 0.507818
0.691944 -0.0024903 0.180478 0.0395001 0.851106 -0.0104918 0.523401
0.691804 -0.00241805 0.181398 0.0330265 0.84174 -0.00926483 0.538793
0.691469 -0.00240242 0.182859 0.0258915 0.832012 -0.00803081 0.554095
0.691133 -0.00238679 0.184321 0.0187467 0.821966 -0.00679373 0.569187
0.690891 -0.00234535 0.185652 0.0143824 0.814742 -0.00598772 0.579614
0.690649 -0.00230392 0.186983 0.0100156 0.807371 -0.00518063 0.589936
0.690389 -0.00223148 0.188672 0.0060499 0.799491 -0.00439273 0.600631
0.690129 -0.00215903 0.19036 0.00208307 0.791457 -0.00360398 0.611211
0.689959 -0.00201772 0.192333 0.00193769 0.786829 -0.00335786 0.617159
0.689789 -0.0018764 0.194305 0.00179219 0.782156 -0.00311155 0.623072
0.689619 -0.00173509 0.196277 0.00164659 0.777439 -0.00286506 0.62895
0.689449 -0.00159378 0.19825 0.0015009 0.772677 -0.00261841 0.634792
0.689279 -0.00145246 0.200222 0.00135512 0.767871 -0.0023716 0.640598
0.689109 -0.00131115 0.202195 0.00120927 0.763022 -0.00212467 0.646368
0.688938 -0.00116983 0.204167 0.00106335 0.758129 -0.00187761 0.6521
0.688768 -0.00102852 0.20614 0.000917366 0.753194 -0.00163045 0.657796
0.688598 -0.000887207 0.208112 0.000771331 0.748215 -0.00138319 0.663454
0.688428 -0.000745893 0.210084 0.000625252 0.743194 -0.00113586 0.669075
0.688258 -0.000604579 0.212057 0.000479137 0.73813 -0.000888458 0.674657
0.688088 -0.000463265 0.214029 0.000332995 0.733025 -0.000641008 0.680201
0.687918 -0.000321951 0.216002 0.000186834 0.727878 -0.000393521 0.685707
0.687748 -0.000180638 0.217974 4.06631e-05 0.722689 -0.000146012 0.691173
0.687577 -3.9324e-05 0.219946 -0.000105511 0.71746 0.000101505 0.6966
0.687407 0.00010199 0.221919 -0.000251678 0.712189 0.000349016 0.701987
0.687237 0.000243304 0.223891 -0.000397832 0.706878 0.000596508 0.707335
